"IS01"	"IS02"	"IS03"
"AC009950.1__pos"	6.78478314114543	5.17938045596778	2.69354060104719
"AD000671.6__pos"	10.3531870310582	3.79094731591221	2.22044604925031e-16
"ADAP1__pos"	11.5780419568929	1.26404333741011	0.510554506896109
"ADGRG5__pos"	11.4800874072053	2.00977819593229	2.22044604925031e-16
"AOAH__pos"	11.5561747532404	5.03364904514366e-10	1.84683077272353
"APOBEC3D__pos"	9.46477750301496	2.78910322155392	1.26854522487503
"APOBEC3G__pos"	11.6064527404167	1.39074044902685	1.02727123214595
"APOL6__pos"	9.51805822733009	5.17665940237457	2.22044604925031e-16
"ARHGAP25__pos"	9.93383300022926	0.925467841476376	2.02815198315965
"BATF__pos"	10.1250704273145	3.76546460605583	2.22044604925031e-16
"BATF3__pos"	8.2386545398748	2.68158271138285	2.29116901994954
"C11orf21__pos"	11.8659580253438	2.22044604925031e-16	1.82235280416373
"C1QB__pos"	6.80043219282875	2.52003230029024	3.84093916909407
"C1QC__pos"	8.29565909802209	5.50463322017294	2.22044604925031e-16
"C2__pos"	0.542404642438425	3.51981688917141e-15	13.0175755116133
"C5orf56__pos"	8.40994761196931	4.05054731304933	0.428753941998509
"CARD17__pos"	9.77549235918173	3.08340144812635	0.939725366745804
"CCL4__pos"	11.1154298826468	2.36558989857372	0.0507566213585515
"CCL5__pos"	13.4003695533821	0.100539840549189	2.22044604925031e-16
"CCL8__pos"	9.16874126961207	5.68532714122029	2.22044604925031e-16
"CCR1__pos"	4.2975389903678	9.96808089064784	0.127986765183835
"CCR2__pos"	11.1927975421248	2.22044604925031e-16	1.01479045234371
"CD160__pos"	8.62684938537038	3.0886294849083	2.35506402028977
"CD226__pos"	10.488208233269	2.76809157117053	1.01213961340631
"CD244__pos"	10.7803906050493	2.55503916680973	2.22044604925031e-16
"CD274__pos"	9.29749655825056	5.304948048082	2.41697593944382e-06
"CD300LF__pos"	8.24059121378916	5.82945790809338	2.22044604925031e-16
"CD38__pos"	12.9197942734314	0.808279645871144	2.22044604925031e-16
"CD3E__pos"	13.5559203575068	2.22044604925031e-16	2.22044604925031e-16
"CD3G__pos"	13.0129984928594	2.22044604925031e-16	0.318493448896926
"CD40__pos"	2.22044604925031e-16	2.2622169801844	11.0545664945428
"CD5__pos"	13.2128576526656	2.22044604925031e-16	2.22044604925031e-16
"CD53__pos"	12.2304282264689	1.55944918080977	2.22044604925031e-16
"CD69__pos"	12.1815382142884	1.82312593721192	0.0159393324023963
"CD74__pos"	2.22044604925031e-16	5.19251345097306	8.99936614789865
"CD8B__pos"	12.5503355561811	0.971167041174092	0.0967452408743887
"CECR1__pos"	10.3541393807812	1.57946020788038	1.02084814154312
"CELSR3__pos"	5.91875196465898	5.62446853272648	3.41388805141862
"CHURC1.FNTB__pos"	5.89560368357472	3.73858867525349	5.04712233274812
"CIITA__pos"	6.80240663938046	6.59446900420422	0.448332442460334
"CLEC10A__pos"	10.6715717874767	3.57134351338969	2.22044604925031e-16
"CLEC12A__pos"	10.5956363717782	3.77043173246809	2.22044604925031e-16
"CLEC1B__pos"	9.84243998876467	3.88053889238732	0.953723917300868
"CLEC7A__pos"	7.25163296001906	2.22044604925031e-16	5.14690126114038
"CLECL1__pos"	11.8678011301019	2.23525002413405	2.22044604925031e-16
"CORO1A__pos"	9.69109290607116	3.7625853296252	0.283525571715262
"CRTAM__pos"	10.2603420088262	4.15206064566775	4.24484290529028e-07
"CST7__pos"	11.8291835567253	2.01459959318364	2.22044604925031e-16
"CTSS__pos"	11.5295251997383	2.50130708049069	2.22044604925031e-16
"CTSW__pos"	13.0871031072428	0.528177834491361	2.22044604925031e-16
"CXCL10__pos"	11.1344449400404	2.70946161709527	2.22044604925031e-16
"CXCL9__pos"	11.0395539272807	3.19797876881165	2.22044604925031e-16
"CXCR6__pos"	12.5091592286636	0.273354385985852	2.22044604925031e-16
"DENND2D__pos"	6.2198654544402	1.03447869429661	5.09334758452355
"DNAJC5B__pos"	9.41906814148849	5.11938476917553	0.142660152411144
"DOCK2__pos"	12.1573126357457	1.12856322488825	0.0179869004206379
"DOCK8__pos"	9.33014170748062	4.53154721732123	0.547163353824336
"DOK2__pos"	0.0838846666112838	1.16572941522775e-09	14.0028117330699
"EOMES__pos"	12.1567601713937	0.788764073087318	0.425140345042358
"EPSTI1__pos"	10.2856258955128	3.92323545915839	0.383555873676888
"ETV7__pos"	9.82934943556452	3.56052206765334	0.0681726993170545
"FAM26F__pos"	9.73266907409118	2.99283163479499	0.325294811677231
"FASLG__pos"	12.5786883785918	1.24602391790888	2.22044604925031e-16
"FBXO6__pos"	7.59060965730869	2.94226559110369	3.20286630614038
"FCGR3A__pos"	9.17552281314663	5.53503849603271	2.22044604925031e-16
"FCN1__pos"	10.0893546886328	4.23786372707089	2.22044604925031e-16
"FCRL6__pos"	11.4306672205621	0.221052443491074	1.8540798344599
"FGD2__pos"	11.9854459519633	2.09883496169321	2.22044604925031e-16
"FGL2__pos"	9.29875092903335	2.22044604925031e-16	3.2221286979288
"FOXD4L3__pos"	5.29670467895396	2.22044604925031e-16	1.85308065731764
"FXYD2__pos"	8.0951357052774	6.90511409123497	2.22044604925031e-16
"GBP2__pos"	8.91033907127035	3.49745382643557	1.20630276724243
"GBP4__pos"	10.4559149839309	3.25142834183722	2.22044604925031e-16
"GBP6__pos"	6.67963514717365	2.75696711152295	4.87353216834139
"GIMAP1.GIMAP5__pos"	8.16934408672215	6.09346918958968	0.0590657813535068
"GIMAP4__pos"	11.5791878017842	2.28662570019745	2.22044604925031e-16
"GIMAP6__pos"	9.63132220480025	4.7211284234528	2.22044604925031e-16
"GIMAP8__pos"	9.75031330777974	3.8192489987749	0.255245409158649
"GPR171__pos"	11.6814081537761	2.12919928724655	2.22044604925031e-16
"GPR174__pos"	9.74528787117443	3.92083766148373	0.648499354968203
"GPSM3__pos"	10.2694358969021	2.95900186677316	0.490714627540073
"GZMA__pos"	12.9057032210798	0.0200460429007618	0.743944802487093
"GZMH__pos"	12.5614626285959	1.34175332500349	0.0542022335450785
"GZMM__pos"	11.8232399444438	2.22044604925031e-16	1.01258059680242
"HCLS1__pos"	6.67953287758149	6.56969425235303	0.314057088705272
"HCST__pos"	9.35513212096632	3.89206272934102	0.357368745312153
"HLA.B__pos"	9.96393524643273	4.15843554913505	2.22044604925031e-16
"HLA.DMA__pos"	2.22044604925031e-16	2.66893126551665	11.3597442497504
"HLA.DOA__pos"	11.1413977274164	2.22044604925031e-16	1.30388311872485
"HLA.DPA1__pos"	4.67839673381516	8.05192826943786	0.68637866817607
"HLA.DQA1__pos"	10.8091738922347	3.00968987950137	2.22044604925031e-16
"HLA.DQB1__pos"	9.59008117265335	4.45600490336736	2.22044604925031e-16
"HLA.DRB5__pos"	10.2597785367365	2.73469536161007	0.380659031309097
"HLA.F__pos"	10.1790331440187	3.03403562195713	2.22044604925031e-16
"IDO2__pos"	8.28092742938333	1.94385720651139	3.80047843628059
"IFI6__pos"	8.17066190989168	5.63391873913619	1.37617583814776
"IGSF6__pos"	11.7121394304584	1.51675637426654	2.22044604925031e-16
"IL16__pos"	11.4826284456713	1.9890303631463	0.388913660366802
"IL18__pos"	10.7443321068165	2.55644368327265	0.421846286116263
"IL27__pos"	9.36330128612442	4.91984225615329	2.22044604925031e-16
"IL2RG__pos"	12.9141002824598	0.17781666757103	2.22044604925031e-16
"IL32__pos"	8.30330077568277	5.59130378441829	0.77973485075183
"IL4I1__pos"	7.88983018331477	6.38821067921596	2.22044604925031e-16
"IPCEF1__pos"	11.7084368370584	2.22044604925031e-16	2.18952332094356
"IRF1__pos"	9.91145975425131	3.88181527893892	0.791597298134328
"IRF8__pos"	11.1153520742511	3.31164222192639	2.22044604925031e-16
"IRG1__pos"	8.78233486216687	2.6890459634949	1.1846083807386
"ITGAD__pos"	10.3287984611191	0.0547905295501149	2.15951013867821
"ITGAL__pos"	11.9949901747646	0.132222332482512	0.604956888129297
"ITK__pos"	12.4489368564472	0.257312792967335	0.48442939428561
"JAKMIP1__pos"	11.0150866379915	2.22044604925031e-16	2.40146724883959
"KLRC4__pos"	10.3370896704352	1.55489718427053	2.45347903382313
"KLRD1__pos"	10.960544327767	3.04147200293188	0.377076579114922
"KMO__pos"	9.6128379100536	4.25428012709859	2.22044604925031e-16
"LAP3__pos"	9.18777607680748	3.45124822289712	0.848274750040605
"LCK__pos"	12.7791489113903	0.399278066970093	2.22044604925031e-16
"LCP2__pos"	13.1360719189949	0.374559113045535	0.00477339592034401
"LGALS14__pos"	8.82569847902585	3.04123497007774	2.15348117803679
"LILRB1__pos"	3.10833686398214	10.7961733575013	2.22044604925031e-16
"LPXN__pos"	9.55134163679978	5.20316618759579	4.08273283324425e-06
"LRRC61__pos"	5.22218904526063	2.22044604925031e-16	8.62814179930524
"LYZ__pos"	10.6928999050515	3.11686132131205	2.22044604925031e-16
"MAX__pos"	6.28949649096568	5.20012906002477	1.1434640098148
"MITD1__pos"	2.06796927649278	6.02168419837926	5.50567859149691
"MMP25__pos"	10.1535386382928	0.76242170334855	3.18397654268401
"MTMR14__pos"	1.04750241869787	1.37465275413326	10.2862112203071
"MX1__pos"	7.92741749332194	5.12597994750768	0.567604250816652
"MYO1G__pos"	9.50215959151635	4.50319489633515	2.22044604925031e-16
"NCF1__pos"	11.713585728463	2.398201459336	2.22044604925031e-16
"NCKAP1L__pos"	11.9164101483999	1.67492882125449	2.22044604925031e-16
"NCR1__pos"	10.0030229081706	4.13852104633502	1.1180267269176
"NFE2L3__pos"	9.45710810633059	0.903064806377866	3.38003993882619
"NUP210__pos"	9.64252696375895	2.22044604925031e-16	4.04700974796695
"OAS2__pos"	9.40624392907949	4.05460247274751	0.597228973937243
"P2RY10__pos"	11.678568275251	1.6088035468446	0.75790998584647
"PARP14__pos"	9.78082073951177	3.96659317023053	0.478220149694628
"PARP9__pos"	9.21273798576327	4.64305800857397	0.201337468042134
"PDCD1LG2__pos"	9.7717781548799	4.84666997749711	2.22044604925031e-16
"PLEK__pos"	10.2305155547247	3.61092459133322	2.22044604925031e-16
"PRF1__pos"	10.3281500000774	3.53244455098757	2.22044604925031e-16
"PSMA3__pos"	5.36302054515808	3.08159874275789	5.07014417725911
"PSMB9__pos"	9.87975641880784	4.32075498992856	2.22044604925031e-16
"PSME1__pos"	1.24042526363587	6.76660396571414	5.14011217709465
"PTAFR__pos"	11.1978013905159	2.65270475152039	2.22044604925031e-16
"PTCRA__pos"	10.662301763331	1.76248252876481	0.681725815699613
"PTPN6__pos"	9.86715273362793	3.71664265775005	0.655423807796114
"PTPRCAP__pos"	13.3128506902044	0.100468427942844	0.171165681524591
"PVRIG__pos"	11.7326560959403	2.22044604925031e-16	1.37044220967631
"RAB39A__pos"	8.92511569243317	0.799778562970953	4.30714409978851
"RAC2__pos"	10.5078534127783	2.6913211244283	0.655350976260127
"RARRES3__pos"	10.9518883537995	3.22005393120775	0.297914007849426
"RASAL3__pos"	9.30467788090711	4.71598236270861	2.22044604925031e-16
"RASSF5__pos"	10.3722722051453	2.22044604925031e-16	3.02387677859542
"RHOH__pos"	11.4280658934883	2.0378278476438	2.22044604925031e-16
"RNF213__pos"	9.14288988877349	1.7518723253869	1.37112264348833
"S1PR4__pos"	12.0925073306161	1.80904000015999	2.22044604925031e-16
"SAMD3__pos"	10.9724045891568	1.11686120427124	0.593792564845663
"SAMD9__pos"	7.26453226021053	5.92580874222598	1.418462360522
"SAMHD1__pos"	3.52431464997873	1.5993629954044	7.93531376662823
"SAMSN1__pos"	11.7707055904399	1.72273506809592	2.22044604925031e-16
"SASH3__pos"	7.29307592108494	2.22044604925031e-16	5.41998298134145
"SCML4__pos"	12.5574571309625	2.22044604925031e-16	0.659328591303171
"SEMA4D__pos"	10.8244703507288	2.22044604925031e-16	2.86051766040474
"SEPT1__pos"	4.67282181109927	2.50591073792065	5.54942332406388
"SERPINA1__pos"	9.61563226564064	4.42304502567448	0.155947613862534
"SERPINB9__pos"	10.1845697045195	1.70059014314028	2.0895100929196
"SH2D1A__pos"	10.6304866385089	3.69608157270155	2.22044604925031e-16
"SH2D2A__pos"	10.0626511944624	2.55195488971972	1.61008521787884
"SIGLEC14__pos"	10.9132867796429	3.4101812832671	2.22044604925031e-16
"SIRPD__pos"	9.08406357953305	6.30329241974045	2.22044604925031e-16
"SKAP1__pos"	12.3108545913257	2.22044604925031e-16	0.58099758747495
"SLA2__pos"	13.1543480258402	0.0609896635140891	1.52168995668248e-07
"SLAMF6__pos"	13.241249215475	0.0376649127853324	2.22044604925031e-16
"SLAMF8__pos"	8.46146903108984	5.27522878449268	2.22044604925031e-16
"SMCO4__pos"	1.31324761325977	11.451133212871	2.05687211062344
"SNAI3__pos"	12.1841970335098	0.0335151931972975	1.13673917494002
"SNAP47__pos"	2.09962133466057	8.43596607078166	3.53115057520531
"SNX20__pos"	12.351996311079	0.927920118419559	2.22044604925031e-16
"SOWAHD__pos"	12.3890276968896	0.631307806792973	0.287542183986485
"SQRDL__pos"	1.53070117020662	4.78933789023161	6.08519439107402
"STAT4__pos"	10.5294816143106	3.58659299247558	2.22044604925031e-16
"STX11__pos"	9.48794338916821	3.76141704078244	1.06926566083299
"SYTL3__pos"	8.57715987996351	4.97412394200369	1.05980381995252
"TAP2__pos"	8.52828004703301	5.21434848553149	0.849745599235083
"TBC1D10C__pos"	12.7588807403783	2.22044604925031e-16	0.345223281893695
"THEMIS__pos"	12.8886338113402	0.410891677490579	0.326952248733064
"TIGIT__pos"	13.5323884652961	2.22044604925031e-16	2.22044604925031e-16
"TMC8__pos"	12.1107044150419	1.39959982529753	0.0148389678683314
"TNFSF13B__pos"	5.06026720506522	2.22044604925031e-16	7.27376295164542
"TNIP3__pos"	10.3205676487724	2.71679923504547	1.43925124617446
"TRIM14__pos"	11.5903455842569	1.43632812795477	0.557100828285219
"TRIM21__pos"	2.18431402729743	7.28590465693586	4.12635103819328
"TSPAN32__pos"	9.8656087144176	1.48048175962953e-06	3.52486306381782
"TTC22__pos"	9.02730575318215	2.22044604925031e-16	3.77279564744455
"TYMP__pos"	5.34676438321037	5.94361066722664	2.1953268920706
"UBASH3A__pos"	13.2125862115716	1.42562648329793e-10	0.0821298861540359
"UBD__pos"	12.5530926509807	1.22877845846355	2.22044604925031e-16
"UBE2D1__pos"	4.88378660948382	5.75505270786791	3.14495330694653
"UCP2__pos"	10.8080335954641	2.90675237707601	2.22044604925031e-16
"XCL1__pos"	11.3769123462494	2.59197439486907	2.22044604925031e-16
"XCR1__pos"	10.3487850016815	4.01557423877935	0.154826644980299
"ZBED2__pos"	11.2856089736799	2.001188194556	0.446763356413889
"ZBP1__pos"	10.6340638396431	2.4670598066241	0.334516684219682
"ZNF683__pos"	11.2492440441186	2.59011737038371	0.273435853969665
"ZNF831__pos"	13.2375368642147	2.22044604925031e-16	0.366312829661106
"ACSL5__pos"	7.90502338274409	6.14752461828671	0.483509514816634
"ADRBK1__pos"	2.22044604925031e-16	8.23223035178713	7.25006859064878
"AKNA__pos"	10.4928765883264	3.18436501464891	0.33127747255422
"AMICA1__pos"	9.92479746373979	3.90226505256768	2.22044604925031e-16
"ANKRD22__pos"	10.4356796630633	2.76759201229516	0.603516359389652
"APOBEC3C__pos"	8.78301703787084	4.43898634792354	0.436456193228443
"APOBEC3H__pos"	12.8111074650171	0.714517326028651	2.22044604925031e-16
"APOL3__pos"	8.36575711965231	6.17747507307217	2.22044604925031e-16
"ARAP2__pos"	10.6377208836465	2.22044604925031e-16	3.04517457307328
"ARHGAP30__pos"	7.09058728838174	2.22044604925031e-16	5.62766053314879
"ARHGAP9__pos"	2.22044604925031e-16	2.22044604925031e-16	13.9047289158407
"ARRDC5__pos"	3.22112970772219	7.62075914718899	1.79569355461416
"ASB2__pos"	11.6392942826697	0.511230475036814	1.62785541975287
"ASCL2__pos"	9.45554771176192	1.20622190480653	2.64482690628736
"B2M__pos"	10.86352534924	2.22044604925031e-16	2.66720486763097
"BATF2__pos"	8.81109348442447	6.19964265567552	2.22044604925031e-16
"BCL2L14__pos"	10.9535737999629	2.22044604925031e-16	1.85718418505631
"BIN2__pos"	4.61034534676171	2.22044604925031e-16	6.97526849424311
"BTLA__pos"	10.4588353742815	3.89421707641613	2.22044604925031e-16
"C16orf54__pos"	12.4453841722036	0.379147729347737	0.482049580403275
"CCDC64__pos"	10.0231177383265	0.122377055205588	3.01591918185522
"CCL4L2__pos"	9.43787060307169	3.56464244103358	0.68778626938874
"CCR5__pos"	13.4976542384234	2.22044604925031e-16	2.22044604925031e-16
"CD2__pos"	13.4363451149618	2.22044604925031e-16	2.22044604925031e-16
"CD200R1__pos"	8.87461997838351	6.0787835482063	2.22044604925031e-16
"CD247__pos"	13.2203644521152	0.333557001697732	2.22044604925031e-16
"CD27__pos"	13.4689796520159	0.377968142444453	2.22044604925031e-16
"CD3D__pos"	13.4225770382018	0.104491691466992	2.22044604925031e-16
"CD4__pos"	9.24319389394561	4.04569984628224	2.22044604925031e-16
"CD48__pos"	12.1626462776854	1.24461334733138	2.22044604925031e-16
"CD52__pos"	12.5987163071077	0.782712234560253	2.22044604925031e-16
"CD6__pos"	11.1923987799366	1.31893286446715e-08	1.59189650310935
"CD7__pos"	10.9041150427908	2.22044604925031e-16	2.87170957062032
"CD72__pos"	8.36110443593449	3.26352207900237	1.28878606288271
"CD80__pos"	10.1752811075438	3.9514000472086	2.22044604925031e-16
"CD8A__pos"	12.949925801329	2.22044604925031e-16	0.33638593586927
"CD96__pos"	12.5542486649297	2.22044604925031e-16	0.536534426378085
"CDC42SE2__pos"	8.01777575447183	0.822223859217851	4.85512213615084
"CHRNB3__pos"	5.32388081912759	9.39120181172993	1.42269076160916
"CLEC2D__pos"	11.3750154339068	1.6860567908037e-09	1.89364807144203
"CLEC4D__pos"	10.1340590817654	4.3328548205396	3.35754560928126e-08
"CLEC6A__pos"	11.3489341738859	0.771928968100504	2.22044604925031e-16
"CLEC9A__pos"	12.1729915373943	2.13559623671862	2.22044604925031e-16
"CMPK2__pos"	8.89192650569513	4.65180826386405	1.11628587265942
"COTL1__pos"	0.814621782818606	8.29237215930728	5.26628008959705
"CR1L__pos"	9.94154173655602	2.82820880834294	1.12143300312919
"CSF2RB__pos"	10.255104066437	3.09479380167827	2.22044604925031e-16
"CSK__pos"	8.92695775579897	3.27168648983822	1.2947310390051
"CTLA4__pos"	11.4388880953301	2.22044604925031e-16	1.60095395791797
"CTSC__pos"	7.94550777885527	5.09831742515663	0.143399962169222
"CXCL11__pos"	10.67491124576	2.71766917192496	0.411232323488168
"CXCR3__pos"	12.5087585402788	1.39799077050522	2.22044604925031e-16
"CXorf65__pos"	11.7626118331742	1.68567913651555	0.169996033209662
"DAPP1__pos"	6.49472830166242	2.22044604925031e-16	6.28287591449542
"DENND1C__pos"	9.75661007891856	0.567316168331026	2.27791405711455
"DGKZ__pos"	1.11634513559233	9.12519101303232	4.2223725368555
"DTHD1__pos"	11.9764709280815	2.2402001415031	6.36401152617974e-06
"DTX3L__pos"	7.57291811726616	1.31711241067781	3.18088916788579
"DUSP2__pos"	8.9291786914512	2.22044604925031e-16	4.89833008361995
"ERAP2__pos"	6.88252215220275	6.02369605605523	2.03114073492804
"EVI2B__pos"	12.3508949748527	0.271432349211	0.819386391834717
"FAM179A__pos"	10.5530377014822	0.696315077454476	2.63792861041335
"FAM78A__pos"	11.2418900868674	0.0355517260067084	1.47421877523867
"FERMT3__pos"	7.75369962045229	6.78286228147614	2.22044604925031e-16
"FGD3__pos"	10.351787421519	3.09688340043507	0.305687034337072
"FGR__pos"	11.5402306531792	2.58720409849266	0.102718632706484
"FPR3__pos"	9.65270211158104	3.66021440598162	0.766558923771352
"FYB__pos"	11.4812565846394	2.22044604925031e-16	0.671682544664757
"GBP1__pos"	8.43981870122385	5.90972654495738	2.22044604925031e-16
"GBP3__pos"	7.59813803801801	5.23090743891201	1.51178840629547
"GBP5__pos"	11.6510525363723	2.27403244712403	2.22044604925031e-16
"GCH1__pos"	10.1058965692678	3.17596899267923	0.577143849010963
"GFI1__pos"	12.1365088310293	0.891824646889233	0.592895186307521
"GIMAP2__pos"	11.7285190499718	1.54335683099214	0.4659126214653
"GIMAP5__pos"	10.1647637524616	1.12781514747491	1.25492645120489
"GIMAP7__pos"	10.7400282011055	3.44186567360139	2.22044604925031e-16
"GLO1__pos"	3.39710372400346	1.8226029489673	9.29880879096543
"GMIP__pos"	9.45736524297497	1.61147800394508	1.81502782852155
"GPR132__pos"	11.3734700112704	1.56699364786736	0.425100867017059
"GPR141__pos"	10.8290332959387	3.47766348079006	2.22044604925031e-16
"GPR18__pos"	13.3429179285299	2.22044604925031e-16	2.22044604925031e-16
"GPR31__pos"	9.43067820779365	2.22044604925031e-16	2.22044604925031e-16
"GPR65__pos"	7.25258037984393	1.73957718194124	3.28068830822378
"GTSF1L__pos"	9.15336672886999	5.99476874647168	2.22044604925031e-16
"GZMB__pos"	10.0199890208179	4.19065721581979	2.22044604925031e-16
"GZMK__pos"	13.246506267626	2.22044604925031e-16	0.139438516326408
"HCK__pos"	9.41105518060854	4.77788451198784	2.22044604925031e-16
"HEATR9__pos"	12.4981494159752	0.00136670093767076	1.42330298269352
"HERC6__pos"	8.34145240188164	5.21229702111206	1.21628709984829
"HLA.A__pos"	2.30511242244043	2.29961321079222	7.70942819075623
"HLA.DPB1__pos"	3.13486228137973	10.5008286128244	0.238305273668193
"HLA.DQA2__pos"	8.87502117481116	6.01110537306828	2.22044604925031e-16
"HLA.DQB2__pos"	8.44853460805922	5.50490694495496	2.22044604925031e-16
"HLA.DRB1__pos"	5.66783299265601	8.34147131398588	2.22044604925031e-16
"HLA.E__pos"	1.95630074626048	5.79375559397538e-07	10.803427074249
"HRASLS2__pos"	8.44934913512824	5.03007327451777	1.85114389679698
"HS3ST3A1__pos"	3.57467199972988	3.08930036613687	7.94906631343856
"ICOS__pos"	13.4826558749279	8.17438810542493e-14	2.22044604925031e-16
"IDO1__pos"	8.40697409494828	6.03335507887025	0.0577680766114265
"IFI27__pos"	8.20460090164875	7.1049676683642	2.22044604925031e-16
"IFI35__pos"	9.52301466340256	4.35971984990383	0.347391476913222
"IFIH1__pos"	8.83404040977413	3.61453184793419	1.53155342354115
"IFIT3__pos"	8.26274792304118	6.33413622202945	0.101408775884083
"IFITM1__pos"	7.88679887197566	5.0488658611533	1.14432923193856
"IFNG__pos"	10.6849235131221	1.90232907449519	1.09388770282667
"IFNL1__pos"	10.4406496279073	0.780761410528492	0.292259175916185
"IGFLR1__pos"	10.1602823837764	4.00244601042483	2.22044604925031e-16
"IKBKE__pos"	9.51079575718182	1.33048487966016	2.5776218326693
"IKZF1__pos"	13.323285938239	2.22044604925031e-16	0.122402002947688
"IKZF3__pos"	13.4219835709827	2.22044604925031e-16	2.22044604925031e-16
"IL10RA__pos"	11.9776655789785	1.00506184503672	0.258805253856105
"IL12RB1__pos"	11.7617135521793	1.9039763328194	2.22044604925031e-16
"IL15RA__pos"	8.03572900241521	6.49952441211469	2.22044604925031e-16
"IL18BP__pos"	3.05673691600253	10.1871763162541	1.02414096247554
"IL18RAP__pos"	10.7010665359211	2.86028709189438	0.50066138904452
"IL21R__pos"	10.1269527607272	3.82039174367584	0.369038535339303
"IL2RB__pos"	11.127589788486	2.73620570930248	2.22044604925031e-16
"INPP5D__pos"	9.22694180409623	2.22044604925031e-16	2.61722295463056
"IQCF6__pos"	6.6605309668523	0.596863294973009	1.97712084344262
"IRF5__pos"	0.516844857839349	2.22044604925031e-16	10.7882436107286
"IRF9__pos"	1.29637109512273	4.50260389279824	7.28901767709653
"ISG20__pos"	0.743152882071431	11.2792194685628	3.1455464703434
"ITGB2__pos"	9.872877280245	4.00585084389745	2.22044604925031e-16
"ITGB7__pos"	12.3028326016913	0.48328713449005	1.05583483328695
"JAK3__pos"	9.98629555788862	1.14010144836305	2.72116361152577
"KCNA3__pos"	11.6151024479918	7.71304046072071e-05	2.31979113675298
"KCNJ10__pos"	11.1131892133013	1.95661858159432	1.11559828704971
"KIR2DL1__pos"	3.95375822744041	2.22044604925031e-16	2.22044604925031e-16
"KLRC3__pos"	10.4070719305863	3.60793470263162	0.967598748621792
"KLRC4.KLRK1__pos"	9.60997665484302	2.84213350818168	0.95893783908387
"KLRG1__pos"	10.4522072775026	2.90767975675648	0.648294819523371
"KLRK1__pos"	12.4175957608485	1.01554732339884	2.22044604925031e-16
"LAG3__pos"	11.1762036058518	0.51141395195625	1.76841543275491
"LAIR1__pos"	8.52424156024803	5.9448329386186	2.22044604925031e-16
"LAT__pos"	12.1045222827837	1.23206258483189	0.470110865829751
"LCP1__pos"	10.9925124466037	0.0670701608763941	1.24286160671329
"LGALS9__pos"	10.4349858572312	2.56945757742773	0.387580628075025
"LILRB2__pos"	10.9972809637192	2.5765474896784	0.376736973756377
"LILRB4__pos"	9.41892738506819	0.378472153730481	3.03826951790498
"LIMD2__pos"	9.0700795167714	2.19954118717669	2.29424300138158
"LIPM__pos"	11.0055675684284	2.13804248104337	0.476843679148841
"LTA__pos"	10.9854599232837	2.59310994113225	2.22044604925031e-16
"LY9__pos"	13.1601944622533	0.118460162742113	2.22044604925031e-16
"MAP4K1__pos"	12.5845872450006	2.22044604925031e-16	0.807239465023664
"MARCH1__pos"	11.2102604766962	1.99995905601983	2.22044604925031e-16
"MNDA__pos"	1.08733468368336	11.6968455404557	2.27276590423826
"MYD88__pos"	6.61604056657319	5.20438363498742	2.19917199252222
"MYO1F__pos"	10.4680264174908	3.41708893342537	2.22044604925031e-16
"NBEAL2__pos"	9.17272295814178	1.25076841146214	2.52248963114813
"NEUROG3__pos"	10.6687912211401	1.22484478960764	2.33840517959812
"NKG7__pos"	12.7027911727386	0.819592551126313	2.22044604925031e-16
"NLRC3__pos"	11.7689924374762	0.437977201392584	1.73639265920804
"NLRC5__pos"	10.5000888044182	3.49312578545704	2.22044604925031e-16
"NOD2__pos"	10.646490731574	0.687896131012657	2.56965157907617
"OAS1__pos"	8.36494555840032	6.25093379824349	0.148577424074674
"P2RY6__pos"	9.87062111144935	4.14743538184768	2.22044604925031e-16
"PARP12__pos"	9.66027216280725	0.628668583308751	2.76544183584823
"PARP8__pos"	8.23797317745046	1.64085313454081	4.04221842574378
"PARVG__pos"	10.8998444181668	2.83275502127462	0.216487050552928
"PATL2__pos"	11.707794523038	1.29371164908508	0.593950339122279
"PCED1B__pos"	2.22044604925031e-16	1.69227806817797	12.461693641941
"PDCD1__pos"	11.2867869356605	2.22044604925031e-16	2.27678897173211
"PDE6G__pos"	12.7012149630418	0.0483942369163757	0.865425912482471
"PIK3AP1__pos"	13.0769693712678	0.415196940433731	2.22044604925031e-16
"PIK3CG__pos"	9.79059423218082	5.17821039594408	2.22044604925031e-16
"PIK3R5__pos"	11.9256144086173	1.60265913576963	2.22044604925031e-16
"PML__pos"	1.8926497143202	7.15075799731063	4.72229131954001
"PRKCH__pos"	8.04161869153963	2.84372035898064	2.97106922490116
"PSD4__pos"	9.94912121855076	2.22044604925031e-16	2.97135281500287
"PSMB10__pos"	8.9458695409021	2.79730867300875	1.9156301913037
"PSMB8__pos"	2.38166450620544	9.17315280984331	2.12677498887178
"PSME2__pos"	9.53752082991951	3.31162266782699	1.1547699987373
"PTPN22__pos"	8.94120689959043	2.83066473605386	1.68647711982178
"PTPN7__pos"	11.6737050824019	1.22187927565626	0.454692651222972
"PTPRC__pos"	12.1999073202368	1.52624496828337	2.22044604925031e-16
"PYHIN1__pos"	13.2299579253884	0.206399665967497	0.330926501961279
"RASGRP1__pos"	11.6792841828527	1.96063669950216	0.485262971248884
"RGL4__pos"	11.9969582501351	2.22044604925031e-16	0.98978343566424
"RLTPR__pos"	11.5150912664965	2.22044604925031e-16	1.79196613573378
"RNF19B__pos"	7.04457915942051	7.17157144131004	0.494148077594784
"RTP4__pos"	10.1597718564407	3.96128912446609	2.22044604925031e-16
"RUNX3__pos"	7.34298460459721	2.22044604925031e-16	6.66477534379246
"SAMD9L__pos"	9.15199479212504	3.22546686384981	1.72270739853355
"SCIMP__pos"	7.33450135551315	2.22044604925031e-16	5.68626493333917
"SECTM1__pos"	7.84442488383446	4.84091607922596	1.08373889607293
"SEMA4A__pos"	5.87277580149336	4.37014222148652	2.76896290024437
"SIGLEC10__pos"	10.1403862947807	4.18351500083134	2.22044604925031e-16
"SIRPG__pos"	13.2227250353721	0.341169833600639	2.22044604925031e-16
"SIT1__pos"	12.9788311219014	0.531447078653632	2.22044604925031e-16
"SLAMF7__pos"	13.1993595276056	0.54707974190965	0.0241715988371578
"SLC31A2__pos"	7.4640620538511	5.13668808741894	1.08886074855725
"SLC6A12__pos"	8.48232114992369	5.02229071248389	1.11384774253126
"SLFN12L__pos"	11.4765101274438	1.07130790160482	0.401220126244394
"SNX10__pos"	10.1076083304931	1.8055888251171	2.09967298940983
"SP140__pos"	10.2460501649043	3.67369604861976	0.0108975602206363
"SPATA12__pos"	7.36381805842015	7.40663814124133	8.49032101697786e-14
"SPIC__pos"	10.4374429619934	4.31636070288479	0.188282932314702
"SPN__pos"	13.4367950466292	2.22044604925031e-16	2.22044604925031e-16
"STAT1__pos"	10.324842958575	1.19109172036196	1.03239616168401
"STAT5A__pos"	3.31888856140598	2.64093203866335	7.10918486681231
"STXBP2__pos"	9.57298678065383	4.14922941041596	0.718967257653667
"SYNGR2__pos"	0.437097093145447	10.91322342072	1.62662767845177
"TAP1__pos"	10.3161264494244	3.47228549069404	2.22044604925031e-16
"TBX21__pos"	12.7933376928977	0.268249882123764	0.206857892285309
"TFEC__pos"	10.6334619473278	1.53888984863908	0.289504054176178
"TIFAB__pos"	13.0533286294394	0.975274449880236	2.22044604925031e-16
"TLR8__pos"	10.3085334262388	2.95223710708639	2.22044604925031e-16
"TMEM229B__pos"	10.5553214304442	0.544980689386221	2.19202903274305
"TMPRSS13__pos"	11.0533414263759	1.37192367443742	1.23548768897173
"TNFSF10__pos"	8.52894346573282	6.3500219906944	2.22044604925031e-16
"TRAF2__pos"	2.64307272812154	9.05177741882888	2.75487933433339
"TRAF3IP3__pos"	13.1437734319629	2.22044604925031e-16	0.099661035574168
"TRAT1__pos"	13.6484641537481	2.22044604925031e-16	2.22044604925031e-16
"TRPM2__pos"	9.82641938353465	3.84443930820051	0.409902850063955
"TTC16__pos"	10.701822364691	2.22044604925031e-16	2.93986375481545
"TTC24__pos"	10.6218584782336	0.535813191309277	3.05818771933737
"UBE2L6__pos"	0.444305336801563	1.1400291976501	11.3870107395093
"UNC13D__pos"	11.3576044752589	1.81295566148606	0.500168541121703
"VAV1__pos"	11.1878828941477	2.46159326043236	2.22044604925031e-16
"VNN2__pos"	10.8159668961497	3.60800085050256	2.22044604925031e-16
"WARS__pos"	9.705699198454	4.87438514721533	2.60256229724664e-13
"WAS__pos"	9.40161302803622	5.29038931958304	2.22044604925031e-16
"XAF1__pos"	7.25695244804558	5.81277463489105	1.75575952731281
"XCL2__pos"	12.2205816607006	2.00522107677132	2.22044604925031e-16
"XXbac.BPG246D15.9__pos"	6.64922269830908	3.88472207356999	4.81817186908948
"ZAP70__pos"	13.2658214699659	2.22044604925031e-16	0.427315097206324
"AC009950.1__neg"	3.05023950899887	7.08506070166591	5.05693731251549
"AD000671.6__neg"	0.644117142304487	1.28654031318694	12.2151539135241
"ADAP1__neg"	1.36971382949191e-10	8.76084223846548	6.54462845765117
"ADGRG5__neg"	2.22044604925031e-16	3.36716497024174	10.9283329535252
"AOAH__neg"	2.22044604925031e-16	10.1197616532804	5.72312701107359
"APOBEC3D__neg"	2.22044604925031e-16	6.53683274678204	8.13895835741651
"APOBEC3G__neg"	2.22044604925031e-16	8.0376371499006	7.78286899326232
"APOL6__neg"	2.22044604925031e-16	8.97490626305619	6.8851439875262
"ARHGAP25__neg"	2.22044604925031e-16	10.9203203947144	4.30561728385328
"BATF__neg"	0.0281009901883952	2.22044604925031e-16	13.6481280767728
"BATF3__neg"	2.22044604925031e-16	4.34640973105462	9.57168879809958
"C11orf21__neg"	2.22044604925031e-16	8.05256565773438	7.70586833976025
"C1QB__neg"	1.23289885532707	6.49615111381637	6.44047545495811
"C1QC__neg"	2.22044604925031e-16	2.22044604925031e-16	13.1755698631158
"C2__neg"	7.05973059225501	7.60069581152316	2.22044604925031e-16
"C5orf56__neg"	0.073538027677176	7.99979955294354	5.95242016084145
"CARD17__neg"	2.22044604925031e-16	5.7551718776971	9.01155607651837
"CCL4__neg"	2.22044604925031e-16	1.88496028070082	12.0928461443566
"CCL5__neg"	2.22044604925031e-16	1.40500042233462e-13	14.127743847327
"CCL8__neg"	1.20129173821929	0.56671617872257	12.5173616720076
"CCR1__neg"	1.1630047492694	2.85274993799803	9.20476577555316
"CCR2__neg"	2.22044604925031e-16	11.4620379736347	3.41771142160099
"CD160__neg"	0.824393652107325	7.49264726622179	6.94891543893173
"CD226__neg"	2.22044604925031e-16	7.07582187903614	8.49949525285523
"CD244__neg"	2.22044604925031e-16	2.22044604925031e-16	13.3792940436603
"CD274__neg"	0.33212915877613	7.35270008815623	7.7305767006555
"CD300LF__neg"	2.22044604925031e-16	2.82038555091854	11.0866858169906
"CD38__neg"	2.22044604925031e-16	1.89250046326462	12.6597283198672
"CD3E__neg"	2.22044604925031e-16	0.944867168128221	13.4399202855804
"CD3G__neg"	2.22044604925031e-16	4.8531121948113	10.0083754706807
"CD40__neg"	7.42634819497524	4.60242112819241	1.36574760250766
"CD5__neg"	2.22044604925031e-16	1.62074025028571	12.5302307798869
"CD53__neg"	2.22044604925031e-16	1.87481816710707	12.562929664238
"CD69__neg"	2.22044604925031e-16	7.08064110853403	8.50515879846158
"CD74__neg"	11.3482076480054	1.41937895278722	0.175468662018804
"CD8B__neg"	2.22044604925031e-16	2.88184740689366	11.6965525367595
"CECR1__neg"	2.22044604925031e-16	3.17934668719191	10.5716190433263
"CELSR3__neg"	3.39581870014179	7.53672499917426	4.50195432342375
"CHURC1.FNTB__neg"	3.71930758706059	8.39306793144601	3.53992858946115
"CIITA__neg"	0.123473432335072	1.75624888776042	11.3868922670058
"CLEC10A__neg"	2.22044604925031e-16	1.75366710581258	12.6650856956726
"CLEC12A__neg"	2.22044604925031e-16	3.19828968708222	11.571738626008
"CLEC1B__neg"	0.651248084371702	6.26050615706901	8.65060800196443
"CLEC7A__neg"	1.05892802491659	12.1859491781241	1.71965825663542
"CLECL1__neg"	0.166943182273532	5.00717739759654	10.0084292687995
"CORO1A__neg"	2.22044604925031e-16	5.92905213876644	8.6781629577292
"CRTAM__neg"	2.22044604925031e-16	3.52114598154616	11.2681280108372
"CST7__neg"	2.22044604925031e-16	1.05670520936506	13.1786781049746
"CTSS__neg"	2.22044604925031e-16	3.01283799912802	11.6686033566464
"CTSW__neg"	2.22044604925031e-16	3.67133033409924	11.1593107776535
"CXCL10__neg"	0.0898485510711046	1.99459614120926	12.1584907647463
"CXCL9__neg"	2.22044604925031e-16	1.82903482075672	12.6855667664509
"CXCR6__neg"	2.22044604925031e-16	0.0550821386770565	13.2894243746872
"DENND2D__neg"	0.843434390720114	9.65535862713857	3.71215538193836
"DNAJC5B__neg"	2.22044604925031e-16	7.57343253840594	8.01810318459917
"DOCK2__neg"	2.22044604925031e-16	4.81073074492978	9.7640058470957
"DOCK8__neg"	2.22044604925031e-16	3.24611720425473	11.3729965100456
"DOK2__neg"	7.99598033033903	7.01497475982781	2.22044604925031e-16
"EOMES__neg"	2.22044604925031e-16	2.55290665198457	11.7316809708949
"EPSTI1__neg"	0.0385898237985689	8.13901188630727	7.69296345842217
"ETV7__neg"	2.22044604925031e-16	1.5129724876172	12.0375593751097
"FAM26F__neg"	2.22044604925031e-16	2.22044604925031e-16	12.9627187346921
"FASLG__neg"	2.22044604925031e-16	3.2441739357973	11.5583335016741
"FBXO6__neg"	0.551246363948289	12.1720161426169	3.06914951465101
"FCGR3A__neg"	0.539314519136062	1.97753760628164	11.9477329658194
"FCN1__neg"	0.48291208868328	0.94874101336131	12.7462711055049
"FCRL6__neg"	2.22044604925031e-16	5.47116124821884	9.56228427835859
"FGD2__neg"	2.22044604925031e-16	3.41716952485417	11.4898214387488
"FGL2__neg"	2.22044604925031e-16	15.9339790033496	2.22044604925031e-16
"FOXD4L3__neg"	1.67251287815003	3.93039441455265	2.4528732469998
"FXYD2__neg"	1.73725319272843	3.28264177420974	9.61253299215224
"GBP2__neg"	0.462426241083013	8.02200531034257	6.37860161219695
"GBP4__neg"	2.22044604925031e-16	1.28341129786761	12.5614037623964
"GBP6__neg"	1.44612970227527	10.4738312444734	4.07831711505616
"GIMAP1.GIMAP5__neg"	0.755964939877322	2.49909566770586	10.7550725595984
"GIMAP4__neg"	2.22044604925031e-16	5.43938078075823	9.57093814240685
"GIMAP6__neg"	2.22044604925031e-16	7.31101320194804	7.98736295833685
"GIMAP8__neg"	0.367754910082169	9.60597221103493	5.37992014957287
"GPR171__neg"	2.22044604925031e-16	5.08205936401835	9.84077947019064
"GPR174__neg"	2.22044604925031e-16	6.98186639988658	8.37184906933841
"GPSM3__neg"	2.22044604925031e-16	2.22044604925031e-16	13.6632289505931
"GZMA__neg"	2.22044604925031e-16	1.362471221605	13.1787479966621
"GZMH__neg"	2.22044604925031e-16	2.72279217509593	12.096753456452
"GZMM__neg"	0.0907873699119324	10.4448626303483	4.8090434718853
"HCLS1__neg"	0.0505771099890097	5.77829642482578	7.90648047795446
"HCST__neg"	2.22044604925031e-16	6.63031924001924	7.934475233123
"HLA.B__neg"	2.22044604925031e-16	2.22044604925031e-16	13.8285283531652
"HLA.DMA__neg"	10.653000181264	2.70985089902437	0.160245925626596
"HLA.DOA__neg"	2.22044604925031e-16	9.63601849331003	5.13914470127534
"HLA.DPA1__neg"	1.24199195511264	1.76560097366737	9.40483557022419
"HLA.DQA1__neg"	2.22044604925031e-16	3.38214474547799	11.02674561162
"HLA.DQB1__neg"	2.22044604925031e-16	0.314615044687856	13.4227907204937
"HLA.DRB5__neg"	0.132367512875187	2.48963971255287	11.1953971426617
"HLA.F__neg"	2.22044604925031e-16	0.738340293335399	12.5378843481494
"IDO2__neg"	0.422820317983202	10.4240292837705	5.1350371258253
"IFI6__neg"	1.07129873541563	7.43143901349925	7.35452005877311
"IGSF6__neg"	2.22044604925031e-16	3.39638740555874	10.746503638203
"IL16__neg"	2.22044604925031e-16	3.58081213829793	11.129133496435
"IL18__neg"	2.22044604925031e-16	2.1953778969056	11.9776466573537
"IL27__neg"	0.0309486799471747	3.25519675531932	11.1367980525929
"IL2RG__neg"	2.22044604925031e-16	0.985610625189486	12.8787467697145
"IL32__neg"	0.259313282991301	2.96456160765633	11.3491632683703
"IL4I1__neg"	2.22044604925031e-16	1.27843274709667	12.4288138248663
"IPCEF1__neg"	2.22044604925031e-16	10.4541779971955	5.95323165889158
"IRF1__neg"	0.00415231262296563	5.65667270061544	9.73160006586396
"IRF8__neg"	2.22044604925031e-16	3.15138538195438	11.7812531785918
"IRG1__neg"	1.87513487950296	6.38354129949731	5.41756418103358
"ITGAD__neg"	0.283811388554966	9.4236310159763	5.06300203507404
"ITGAL__neg"	2.22044604925031e-16	2.34802691854296	11.3743219984289
"ITK__neg"	2.22044604925031e-16	5.08684070019516	9.60227240863689
"JAKMIP1__neg"	2.22044604925031e-16	8.28595698952963	7.20316220106475
"KLRC4__neg"	2.22044604925031e-16	11.1509107138381	5.47824661851742
"KLRD1__neg"	1.26613398300137	6.84251683284202	7.44479090127445
"KMO__neg"	2.22044604925031e-16	0.955939801236145	12.760476812518
"LAP3__neg"	2.22044604925031e-16	2.59777731511937	11.1733079344955
"LCK__neg"	2.22044604925031e-16	0.358067376170055	13.4283081576669
"LCP2__neg"	2.22044604925031e-16	5.90097882114636	9.27564563560449
"LGALS14__neg"	1.98462030845754	8.01514067556348	5.27580422861525
"LILRB1__neg"	0.42517562045394	2.22044604925031e-16	11.5995382671131
"LPXN__neg"	2.22044604925031e-16	8.13094268239741	7.62851988559015
"LRRC61__neg"	2.68255236337346	12.0371605043461	1.49294981682016
"LYZ__neg"	2.22044604925031e-16	1.8068059908812	12.2742831089871
"MAX__neg"	3.21412446039926	5.90821642718416	3.79066795261248
"MITD1__neg"	5.49856652717693	4.96534983898165	2.76957886102931
"MMP25__neg"	2.22044604925031e-16	11.2679750349794	5.27606673236283
"MTMR14__neg"	5.17322181804264	7.07500076533912	1.32216766922399
"MX1__neg"	3.22218637224046	6.13086037875422	4.68162043170117
"MYO1G__neg"	2.22044604925031e-16	1.33801108410019	12.536089229642
"NCF1__neg"	2.22044604925031e-16	4.17253759389638	10.8337202381405
"NCKAP1L__neg"	2.22044604925031e-16	1.6445761522767	12.515170715993
"NCR1__neg"	0.868776695132225	7.70862287392747	7.78655875114561
"NFE2L3__neg"	0.103117277075709	8.92676861402837	6.65406877507162
"NUP210__neg"	2.22044604925031e-16	12.3632529334335	4.09146967136058
"OAS2__neg"	2.22044604925031e-16	7.2050440703692	7.89242771319809
"P2RY10__neg"	2.22044604925031e-16	5.74798055611044	9.63015688917911
"PARP14__neg"	0.355245882443511	7.72791825341102	7.29647653603807
"PARP9__neg"	0.279881719963099	8.52794894478261	6.40256768878268
"PDCD1LG2__neg"	0.524262314049293	7.16022951199413	7.80997130009372
"PLEK__neg"	2.22044604925031e-16	1.14946502719348	12.7267641132824
"PRF1__neg"	2.22044604925031e-16	0.334274327148376	13.4287185470351
"PSMA3__neg"	1.00759766330794	8.0162697567697	5.61900253996297
"PSMB9__neg"	0.00350617747551655	2.22044604925031e-16	13.8687327542011
"PSME1__neg"	5.16397504244272	6.13596309323804	1.54083620230229
"PTAFR__neg"	0.000232900597020788	2.98516666325056	11.4664012577439
"PTCRA__neg"	1.46385151821051	6.24322706204346	6.67637309413557
"PTPN6__neg"	2.22044604925031e-16	2.22652353367858	12.2107363664114
"PTPRCAP__neg"	2.22044604925031e-16	6.2360586002846	9.13152248487985
"PVRIG__neg"	2.22044604925031e-16	6.16276951601782	8.65235922361467
"RAB39A__neg"	2.22044604925031e-16	9.87405212757458	6.27656752463252
"RAC2__neg"	2.22044604925031e-16	2.63339914308026	11.7165486820421
"RARRES3__neg"	2.22044604925031e-16	3.011131077472	11.947438614997
"RASAL3__neg"	2.22044604925031e-16	0.798349991728069	12.9415199461546
"RASSF5__neg"	2.22044604925031e-16	7.74005459577172	7.59610634566148
"RHOH__neg"	2.22044604925031e-16	4.42762565579776	10.0335151322005
"RNF213__neg"	0.792276981131276	10.2681766583516	3.19250447508552
"S1PR4__neg"	2.22044604925031e-16	4.18913970853209	10.7378584819206
"SAMD3__neg"	2.22044604925031e-16	8.30586740579964	6.24356915319877
"SAMD9__neg"	1.24161669021905	5.86755326447577	7.77893812064852
"SAMHD1__neg"	3.5091302460956	9.33030638168512	1.65893318161546
"SAMSN1__neg"	2.22044604925031e-16	1.81931832943405	12.2591325525944
"SASH3__neg"	2.22044604925031e-16	14.0948199197119	1.5924697211894
"SCML4__neg"	2.22044604925031e-16	4.21948643784583	10.3874388861221
"SEMA4D__neg"	2.22044604925031e-16	11.9138180200947	4.50965924511474
"SEPT1__neg"	0.837669268521697	9.72187357584383	3.69618054911268
"SERPINA1__neg"	2.22044604925031e-16	5.07697453488963	9.70255923357328
"SERPINB9__neg"	2.22044604925031e-16	8.79175052391132	6.99313671198364
"SH2D1A__neg"	2.22044604925031e-16	2.51111171475619	12.107054784373
"SH2D2A__neg"	2.22044604925031e-16	5.62462416931459	9.65661242547831
"SIGLEC14__neg"	0.610021077354274	2.66276019880452	11.4079448741088
"SIRPD__neg"	0.873452339927573	4.92307114665516	9.72952249872453
"SKAP1__neg"	2.22044604925031e-16	8.73227383204677	6.3776202899294
"SLA2__neg"	2.22044604925031e-16	2.11395833496943	12.1171074095144
"SLAMF6__neg"	2.22044604925031e-16	7.05934162700757	8.16411083356585
"SLAMF8__neg"	2.22044604925031e-16	0.902587173876503	12.4280275281832
"SMCO4__neg"	4.38314213244062	4.37702950669154	4.59677748661472
"SNAI3__neg"	0.0678084537250952	7.79823360804129	7.51703131406443
"SNAP47__neg"	6.00536156119013	4.21633433191002	2.87165967566258
"SNX20__neg"	2.22044604925031e-16	2.22044604925031e-16	13.7022802533443
"SOWAHD__neg"	0.0841403715436836	4.6087322112389	9.94793232555956
"SQRDL__neg"	3.81217555330646	3.86459985718818	4.44646725758829
"STAT4__neg"	2.22044604925031e-16	2.67086080724887	11.7820486004438
"STX11__neg"	2.22044604925031e-16	4.03562178453625	10.791099170243
"SYTL3__neg"	0.365104294715301	8.18034532141283	7.05788612689577
"TAP2__neg"	2.22044604925031e-16	5.93287020056571	9.20405106612811
"TBC1D10C__neg"	2.22044604925031e-16	4.1093885716353	10.3740702998688
"THEMIS__neg"	2.22044604925031e-16	4.4935339095919	10.5135721366405
"TIGIT__neg"	2.22044604925031e-16	2.59570866367737	12.0716174483702
"TMC8__neg"	2.22044604925031e-16	1.25782803339873	12.824349003028
"TNFSF13B__neg"	0.333549002405182	14.3538484106259	0.545435294070723
"TNIP3__neg"	2.22044604925031e-16	8.12878392163502	7.85212615105895
"TRIM14__neg"	2.22044604925031e-16	4.29115169624752	10.3822238681374
"TRIM21__neg"	2.9024190333434	4.26797014435233	5.82998111396241
"TSPAN32__neg"	0.268074658924168	8.41874040442026	6.73264422337307
"TTC22__neg"	2.22044604925031e-16	10.4203429251052	4.75375192506688
"TYMP__neg"	0.0997991152205994	1.80365696535447	11.0646093369346
"UBASH3A__neg"	2.22044604925031e-16	1.26070197429286	12.9051151043161
"UBD__neg"	2.22044604925031e-16	2.9757230968362	11.7359634476878
"UBE2D1__neg"	1.0049156052589	7.03260123382984	6.17087319857324
"UCP2__neg"	2.22044604925031e-16	4.15530900741459	10.3124819032902
"XCL1__neg"	0.0666966379959687	1.57311620781618	12.6843287975458
"XCR1__neg"	0.154414803589902	5.68277761490278	9.48334177628872
"ZBED2__neg"	2.22044604925031e-16	4.00379240974076	10.6460998629654
"ZBP1__neg"	2.22044604925031e-16	1.46907384128061	12.2931328312267
"ZNF683__neg"	0.175669516959164	5.22011022804888	9.73988521177045
"ZNF831__neg"	2.22044604925031e-16	5.22053675645551	9.9924993099056
"ACSL5__neg"	0.0662035844763647	6.43736696972031	8.46404762205318
"ADRBK1__neg"	7.76286636715978	3.79839743706868	2.72198055182989
"AKNA__neg"	2.22044604925031e-16	5.75679432381449	9.23590616950303
"AMICA1__neg"	2.22044604925031e-16	0.341087403973272	13.3013906496595
"ANKRD22__neg"	2.22044604925031e-16	2.53380217340404	11.7322041538789
"APOBEC3C__neg"	0.170170733186103	7.29284002434627	7.14143254097787
"APOBEC3H__neg"	2.22044604925031e-16	6.58371495540914	8.65126251207895
"APOL3__neg"	0.213952516995158	1.24567147155619	12.5585533040053
"ARAP2__neg"	2.22044604925031e-16	9.78467448089136	6.23150271368511
"ARHGAP30__neg"	2.22044604925031e-16	15.9433195207001	0.0833906876803457
"ARHGAP9__neg"	9.9814000443877	3.7243418662072	0.411207856192317
"ARRDC5__neg"	0.0661502920032563	0.863954425575122	10.6020943707997
"ASB2__neg"	2.22044604925031e-16	7.59590892447373	8.06156162899108
"ASCL2__neg"	2.22044604925031e-16	9.57433633512946	5.74498554081098
"B2M__neg"	2.22044604925031e-16	11.8922311448103	4.37485265597734
"BATF2__neg"	0.711812551515803	3.62942993635537	10.5813756186618
"BCL2L14__neg"	0.753145047608095	8.67221747230955	5.49059477328112
"BIN2__neg"	2.22044604925031e-16	12.6382286642489	1.52132291488224
"BTLA__neg"	2.22044604925031e-16	2.15507802512993	12.3781786227754
"C16orf54__neg"	2.22044604925031e-16	8.14111512766444	7.20942529083679
"CCDC64__neg"	2.22044604925031e-16	7.86318184391003	7.22156366939799
"CCL4L2__neg"	0.13612566562146	4.58613055431925	9.60622965269772
"CCR5__neg"	2.22044604925031e-16	3.02451119113073	11.6862030431366
"CD2__neg"	2.22044604925031e-16	0.498649364170486	13.677766058379
"CD200R1__neg"	0.673714871939629	3.75848352703483	10.4844888084723
"CD247__neg"	2.22044604925031e-16	2.92974640162102	11.7441708432315
"CD27__neg"	2.22044604925031e-16	2.75353175878845	12.1843323843568
"CD3D__neg"	2.22044604925031e-16	1.17683763730234	13.1963970168055
"CD4__neg"	0.0317351616110136	2.66853623387028	10.7760957419539
"CD48__neg"	2.22044604925031e-16	1.4312114111379	12.5966904298019
"CD52__neg"	2.22044604925031e-16	1.17966388594249	12.8825585096356
"CD6__neg"	2.22044604925031e-16	10.9630400289	4.40053920872953
"CD7__neg"	2.22044604925031e-16	6.40650065177298	9.08679639201483
"CD72__neg"	2.22044604925031e-16	7.70109357220898	6.4408885750446
"CD80__neg"	2.22044604925031e-16	5.10051349252077	9.73018531755186
"CD8A__neg"	2.22044604925031e-16	3.00867988745215	11.4613597641872
"CD96__neg"	2.22044604925031e-16	1.17691383452856	12.737663669249
"CDC42SE2__neg"	0.294865050074781	10.5180043184296	5.05857502165567
"CHRNB3__neg"	4.26082118507811	4.09697627333011	6.84598787357201
"CLEC2D__neg"	2.22044604925031e-16	10.1685386262774	5.54035780385871
"CLEC4D__neg"	0.0365755234950062	5.31891765853093	9.78134862635318
"CLEC6A__neg"	0.575360324145728	8.09788267837846	5.32990443539443
"CLEC9A__neg"	2.22044604925031e-16	6.62819097541562	9.10283788427015
"CMPK2__neg"	0.901478982076252	7.5818042741212	7.10690720838311
"COTL1__neg"	3.34508081185699	5.35141535875506	5.00759557703499
"CR1L__neg"	0.180851376596134	5.51567976856729	9.16496982056916
"CSF2RB__neg"	2.22044604925031e-16	1.50306637145847	12.0446529718978
"CSK__neg"	0.27769583298976	9.50996745056547	5.2832561628787
"CTLA4__neg"	2.22044604925031e-16	3.58302264182872	10.6746343412997
"CTSC__neg"	0.129450723490452	2.1333905475937	10.7491698158027
"CXCL11__neg"	0.21575467886509	2.96518220139298	11.1727905003923
"CXCR3__neg"	2.22044604925031e-16	1.57685407082298	12.9657715669592
"CXorf65__neg"	2.22044604925031e-16	5.25745546870488	9.59214857797664
"DAPP1__neg"	2.22044604925031e-16	16.0834361667593	2.22044604925031e-16
"DENND1C__neg"	2.22044604925031e-16	9.80088739808811	4.98923388265858
"DGKZ__neg"	6.09543242760651	4.91071484309629	2.43363142259393
"DTHD1__neg"	2.22044604925031e-16	6.33909361414918	9.21729415518465
"DTX3L__neg"	0.657888553411486	7.56068585412176	5.34733013344259
"DUSP2__neg"	2.22044604925031e-16	12.1409126359948	4.37604230676083
"ERAP2__neg"	1.48994905424415	8.65605617489503	5.54098771343753
"EVI2B__neg"	2.22044604925031e-16	8.4862551409753	7.07913723366578
"FAM179A__neg"	2.22044604925031e-16	9.47242442504043	6.55637589072909
"FAM78A__neg"	2.22044604925031e-16	5.89195838551501	8.49107978624245
"FERMT3__neg"	2.22044604925031e-16	2.22044604925031e-16	13.6478663876269
"FGD3__neg"	2.22044604925031e-16	0.495984119314792	13.2730565735331
"FGR__neg"	0.215616217774991	8.56943672380777	7.10387803822976
"FPR3__neg"	0.870497340940429	12.1734449803602	3.042825710697
"FYB__neg"	2.22044604925031e-16	11.8049239988273	3.09788010548799
"GBP1__neg"	0.42980124013102	4.52670656951274	9.52154329197106
"GBP3__neg"	0.403494150021877	5.86308605475224	8.53848723826779
"GBP5__neg"	2.22044604925031e-16	2.72830670497181	11.8425869018493
"GCH1__neg"	2.22044604925031e-16	2.4092244274858	11.7939391962459
"GFI1__neg"	2.22044604925031e-16	7.81459555371433	7.67954681073185
"GIMAP2__neg"	2.22044604925031e-16	4.72752127312903	10.1678114226632
"GIMAP5__neg"	0.244857890941802	12.0852856925363	2.734308742287
"GIMAP7__neg"	2.22044604925031e-16	3.07340526344101	11.5573076933615
"GLO1__neg"	5.34914114905166	7.34760883594385	2.75587407668827
"GMIP__neg"	2.22044604925031e-16	9.0320044473159	5.68834342223032
"GPR132__neg"	2.22044604925031e-16	6.74381299309797	8.13300377210613
"GPR141__neg"	0.208809635431555	4.16461372245263	10.5727218616831
"GPR18__neg"	2.22044604925031e-16	3.9446274822757	10.7751201626997
"GPR31__neg"	1.03938499210206	6.09721281847839	3.83294598997849
"GPR65__neg"	0.156988073939165	6.71849855805686	6.665704045438
"GTSF1L__neg"	0.397140174635425	7.53386619556142	7.92535771793086
"GZMB__neg"	0.0349746784068218	4.21108089687061	10.4494052403553
"GZMK__neg"	2.22044604925031e-16	1.20883764538905	13.0401907662503
"HCK__neg"	2.22044604925031e-16	2.22044604925031e-16	13.7531901253801
"HEATR9__neg"	0.007024237810218	10.964946280395	5.59279723781431
"HERC6__neg"	0.722936501435688	4.86061452438856	9.48805233016449
"HLA.A__neg"	2.16832424383984	6.74900501546874	4.23139896228115
"HLA.DPB1__neg"	1.72377184809116	2.22044604925031e-16	10.2641083107843
"HLA.DQA2__neg"	0.324428867299666	4.89412122092363	9.8716302008257
"HLA.DQB2__neg"	0.611232244774706	2.36743051635318	10.7684785262762
"HLA.DRB1__neg"	0.0467204020346121	0.348053717939871	12.3978287493755
"HLA.E__neg"	2.99182066661272	10.9707222560696	0.788836200813986
"HRASLS2__neg"	1.41629036755121	7.11787269902152	7.5237283232528
"HS3ST3A1__neg"	4.33866938470217	9.72349953392693	1.74861966182275
"ICOS__neg"	2.22044604925031e-16	3.60938490646893	11.1944472603545
"IDO1__neg"	2.22044604925031e-16	2.75867940274067	11.5350293813959
"IFI27__neg"	0.896372337127223	4.12212740876128	10.0880573341293
"IFI35__neg"	0.265241717554853	3.45937564980123	10.7839441982994
"IFIH1__neg"	2.22044604925031e-16	5.22983928085428	9.47644545871053
"IFIT3__neg"	1.12003932319981	5.61243897892641	8.17560427181815
"IFITM1__neg"	1.53876144498773	4.74798799231246	8.04306206149642
"IFNG__neg"	2.22044604925031e-16	4.52665812999917	10.1575731619207
"IFNL1__neg"	1.15944740936588	6.63048980994409	5.25941445927091
"IGFLR1__neg"	2.22044604925031e-16	2.22044604925031e-16	13.9073727031132
"IKBKE__neg"	2.22044604925031e-16	5.25185942731645	9.35493856591698
"IKZF1__neg"	2.22044604925031e-16	6.30324832089955	8.95723801974534
"IKZF3__neg"	2.22044604925031e-16	4.37642286329125	10.5065518594648
"IL10RA__neg"	2.22044604925031e-16	10.4707494581397	5.10925481170943
"IL12RB1__neg"	2.22044604925031e-16	2.22044604925031e-16	13.8779839191392
"IL15RA__neg"	0.892768076821529	2.47449013466866e-11	12.7770945351962
"IL18BP__neg"	1.29989085605229	2.22044604925031e-16	11.1570709977228
"IL18RAP__neg"	0.0486789809683633	4.0961212863699	10.66035414882
"IL21R__neg"	2.22044604925031e-16	4.00272782654231	10.835437662668
"IL2RB__neg"	2.22044604925031e-16	4.7673097259161	10.0105086811446
"INPP5D__neg"	2.22044604925031e-16	12.5546262285658	2.07031674472294
"IQCF6__neg"	2.57936158074659	4.12954280215635	3.37960963121708
"IRF5__neg"	2.60673759028688	9.18291046516798	1.12360543367228
"IRF9__neg"	2.81851271832198	8.30253884208577	2.60074184340074
"ISG20__neg"	5.44232681302762	2.89758217355607	5.0418996006499
"ITGB2__neg"	2.22044604925031e-16	0.569922495082201	13.1450275567683
"ITGB7__neg"	2.22044604925031e-16	6.20252499537632	9.29639089862097
"JAK3__neg"	2.22044604925031e-16	7.17809529742043	8.2741478709688
"KCNA3__neg"	2.22044604925031e-16	9.49687857308877	6.76488772290993
"KCNJ10__neg"	2.22044604925031e-16	9.24862042996498	6.82911235495165
"KIR2DL1__neg"	1.14737108394352	1.92635720998745	1.37369839671737
"KLRC3__neg"	0.166778679222032	8.8188598350952	7.45997664519475
"KLRC4.KLRK1__neg"	2.22044604925031e-16	6.99422931244952	7.65242690187406
"KLRG1__neg"	0.111043724555518	5.20821554434308	9.61519892907185
"KLRK1__neg"	2.22044604925031e-16	3.69724759244626	10.833131705792
"LAG3__neg"	2.22044604925031e-16	7.57611112156023	7.7329852013028
"LAIR1__neg"	2.22044604925031e-16	0.29275218204234	13.5351730694707
"LAT__neg"	2.22044604925031e-16	5.48876129277514	9.69317935691756
"LCP1__neg"	2.22044604925031e-16	6.1550097464103	7.80988446830446
"LGALS9__neg"	0.333806329532435	6.76159335213408	7.56334661274505
"LILRB2__neg"	0.138984026489249	2.40866457172689	11.8947586929773
"LILRB4__neg"	0.629411535237955	11.999454211661	2.79276782848306
"LIMD2__neg"	2.22044604925031e-16	7.70551943892868	7.31988692118668
"LIPM__neg"	2.22044604925031e-16	3.09002730051098	11.2377584044989
"LTA__neg"	2.22044604925031e-16	1.9657731763439	12.0252649410042
"LY9__neg"	2.22044604925031e-16	7.912917414134	7.45017714092777
"MAP4K1__neg"	2.22044604925031e-16	5.33660271883039	9.65455408872236
"MARCH1__neg"	2.22044604925031e-16	6.22682961754063	8.31000433034788
"MNDA__neg"	6.20127203532815	2.22044604925031e-16	6.43265797861789
"MYD88__neg"	0.374850528952108	4.46477941948266	9.34299421817099
"MYO1F__neg"	2.22044604925031e-16	1.27324627178695	12.7172049744286
"NBEAL2__neg"	1.28121201506533	8.41285412386007	4.96486574867755
"NEUROG3__neg"	1.29751168151609	8.79733651553306	5.99780186439373
"NKG7__neg"	2.22044604925031e-16	2.22044604925031e-16	13.9818052102866
"NLRC3__neg"	2.22044604925031e-16	10.2951895880554	6.04945039354679
"NLRC5__neg"	2.22044604925031e-16	4.05737614422928	10.5466664094033
"NOD2__neg"	0.336866835268191	9.49063373623146	6.21128591819123
"OAS1__neg"	2.22044604925031e-16	3.84900967599442	10.8714438193103
"P2RY6__neg"	0.0317789003099962	0.763106520020135	13.0673555288801
"PARP12__neg"	0.228237154178638	9.70849959210685	5.26168143566094
"PARP8__neg"	0.736988889154734	10.5852982733648	4.62457365668813
"PARVG__neg"	2.22044604925031e-16	2.22044604925031e-16	13.9470252930517
"PATL2__neg"	2.22044604925031e-16	5.91359591934913	9.10557870646283
"PCED1B__neg"	11.282833011583	2.02476976089469	0.364707602882602
"PDCD1__neg"	2.22044604925031e-16	6.38650583199241	8.90925635836158
"PDE6G__neg"	2.22044604925031e-16	8.12980039601272	7.60096211907059
"PIK3AP1__neg"	0.299107468035478	5.24574922236367	9.46177981079327
"PIK3CG__neg"	0.787305766777664	6.21828206018364	8.59048384432235
"PIK3R5__neg"	2.22044604925031e-16	3.34764355720255	11.0798527694904
"PML__neg"	7.12871209816095	2.87053670756917	2.71770634915871
"PRKCH__neg"	2.22044604925031e-16	9.67291042976468	5.84173159817491
"PSD4__neg"	2.22044604925031e-16	6.30080012509029	8.27147111005804
"PSMB10__neg"	0.0756776003957896	4.81367207976836	9.5719916130329
"PSMB8__neg"	2.51518834095351	3.02726413219495	6.98902253961065
"PSME2__neg"	2.22044604925031e-16	7.16933616249687	8.01191365072582
"PTPN22__neg"	2.22044604925031e-16	11.935193794374	3.64814165708225
"PTPN7__neg"	2.22044604925031e-16	3.1748513800485	11.1012173469738
"PTPRC__neg"	2.22044604925031e-16	2.5837694836623	11.9268902327595
"PYHIN1__neg"	2.22044604925031e-16	2.90671484338987	12.0004039003966
"RASGRP1__neg"	2.22044604925031e-16	7.46929436878881	8.24362549641569
"RGL4__neg"	2.22044604925031e-16	5.27900403254388	9.26804104767011
"RLTPR__neg"	2.22044604925031e-16	10.4355929667831	5.36814130618575
"RNF19B__neg"	1.24275758453341	6.7732609772205	6.89965329705
"RTP4__neg"	0.480535544419906	7.41250354560175	7.3365399664422
"RUNX3__neg"	2.22044604925031e-16	14.0826816968502	2.89945447520334
"SAMD9L__neg"	0.201826141357019	9.09799862598379	6.32432214228638
"SCIMP__neg"	2.22044604925031e-16	15.561633048192	0.708318021639879
"SECTM1__neg"	0.355813003631893	7.74892032977282	6.56624869133216
"SEMA4A__neg"	0.0299358715266275	7.90206262255353	6.01860606390755
"SIGLEC10__neg"	0.694133816163296	5.48019399666004	8.84593160508634
"SIRPG__neg"	2.22044604925031e-16	6.18803619639322e-13	14.1373928487128
"SIT1__neg"	2.22044604925031e-16	2.65333952768013	11.8770372841949
"SLAMF7__neg"	2.22044604925031e-16	3.78100503189531	11.2272656583518
"SLC31A2__neg"	0.941645810059198	8.81040014822143	4.93541212462133
"SLC6A12__neg"	0.835551612723196	6.3049945786545	8.08498336550487
"SLFN12L__neg"	2.22044604925031e-16	7.07585148182791	7.54343346215165
"SNX10__neg"	0.0244136930787274	8.91154500411172	6.884998484403
"SP140__neg"	2.22044604925031e-16	2.29396449933527	11.8735147850938
"SPATA12__neg"	2.98209943743651	4.88589398209441	6.64446201518511
"SPIC__neg"	1.05509549009165	8.32132353057553	6.76293018178114
"SPN__neg"	2.22044604925031e-16	4.23358445415804	10.6383345468564
"STAT1__neg"	0.0477546991523457	9.51008615978854	5.03365117753157
"STAT5A__neg"	1.50421292640491	11.0755541747134	2.14625189192044
"STXBP2__neg"	0.0313865403497751	0.578336576103987	13.6266079917266
"SYNGR2__neg"	0.483164308941312	0.553989145149032	10.0098314304752
"TAP1__neg"	2.22044604925031e-16	4.52603103934648	9.95543662299378
"TBX21__neg"	2.22044604925031e-16	1.76331889134144	12.3996440819626
"TFEC__neg"	2.22044604925031e-16	6.96694546893281	7.01726619535049
"TIFAB__neg"	2.22044604925031e-16	3.96364963446892	11.2498841535847
"TLR8__neg"	0.143863063659371	0.96165647292966	12.274493587585
"TMEM229B__neg"	7.38608174297509e-09	7.99416250358732	7.19287038408288
"TMPRSS13__neg"	2.22044604925031e-16	3.66726408823526	10.9531064036198
"TNFSF10__neg"	0.641448806415507	5.40055079807673	9.04024819398878
"TRAF2__neg"	3.40221208911824	5.12986104871464	5.15125866480164
"TRAF3IP3__neg"	2.22044604925031e-16	1.60607477351944	12.569415946544
"TRAT1__neg"	2.22044604925031e-16	3.50164234450511	11.4559359277187
"TRPM2__neg"	0.343650684177445	0.249111413523554	13.275765870603
"TTC16__neg"	2.22044604925031e-16	12.5900868349891	3.91002662900473
"TTC24__neg"	2.22044604925031e-16	10.4288743970495	6.13967220545225
"UBE2L6__neg"	4.12182646706208	10.0912263280385	0.246856341929832
"UNC13D__neg"	2.22044604925031e-16	3.61399694500304	10.9390230297289
"VAV1__neg"	0.255664236920928	2.22044604925031e-16	13.4623795874014
"VNN2__neg"	2.22044604925031e-16	4.0386545248692	10.9864972340508
"WARS__neg"	0.388118368679653	4.04942130565199	10.437888895576
"WAS__neg"	0.0442784525974444	1.07084063991617	13.2424461749622
"XAF1__neg"	1.96945740751543	7.13767895716588	6.21961854368455
"XCL2__neg"	2.22044604925031e-16	2.69621101101015	12.2468868972597
"XXbac.BPG246D15.9__neg"	2.91932978536629	8.02696832347952	5.35632912616244
"ZAP70__neg"	2.22044604925031e-16	4.43830652016977	10.7198142052961
