"IS01"	"IS02"	"IS03"
"ABCB5__pos"	5.6752753228893	2.66003702734844	5.29012358639599
"ABI3BP__pos"	7.88705568380011	5.22044532800577	0.622954158127416
"AC002985.3__pos"	7.07142116935255	5.81589006063262	0.857146360054318
"AC011530.4__pos"	1.35668566989217	10.0530359245193	2.38250140029844
"ACSM5__pos"	4.87012210690768	6.47591784116476	2.68857297969176
"ACVR1C__pos"	9.33900109998805	4.95593141235227	2.22044604925031e-16
"ADCY5__pos"	0.0013910934750074	13.9356511959568	2.22044604925031e-16
"ADRA1A__pos"	2.73810828921058	9.21110056899135	1.33929078477972
"ALDH1L1__pos"	1.04535466337495	10.7838175485934	1.35341791088111
"ALDH2__pos"	2.30111111707865	7.85993291426658	1.67823971870861
"ALOXE3__pos"	9.269693577534	1.38657627038704	3.32355786807083
"ALPP__pos"	4.13951553028068	6.02764970346204	3.29656113964704
"ANO3__pos"	6.44734056889269	7.34054069566621	0.480194300485102
"AP000295.9__pos"	5.4724975581406	8.30815704825818	2.22044604925031e-16
"AP5B1__pos"	7.38401551462103	3.44614240824174	0.742699924842749
"ARHGEF10__pos"	4.83229225931163	8.665910252036	2.22044604925031e-16
"ARNT2__pos"	3.44861397449167	10.3312367226014	5.4386750762433e-09
"ASCL3__pos"	7.96896365025287	5.6314638283536	0.658631111220311
"AVPI1__pos"	7.49102950534498	0.982713041639038	3.77957276598744
"BCL2L13__pos"	7.51820620339548	3.80955616877984	0.193805460511223
"BDH1__pos"	5.98973813142483	4.52436852498668	2.51771008405148
"C14orf180__pos"	2.22044604925031e-16	10.1669687545361	3.30416649260972
"C15orf40__pos"	4.42528304418948	4.19694153682375	0.697226124782896
"C1RL__pos"	2.02074474386487	7.12275017293214	4.11607644296471
"C7orf77__pos"	9.82368079292046	4.82508817736313	2.22044604925031e-16
"CAST__pos"	5.49637247429878	5.02958751738606	1.94395082300412
"CCDC33__pos"	3.23628552035238	8.91574273126859	1.64272763833842
"CD1A__pos"	7.01449653640498	2.93920899374525	3.1732224659188
"CD1C__pos"	4.09632728517274	5.39287068039387	3.61607526530762
"CD1E__pos"	3.88285612634417	6.58241284477173	2.33247621424583
"CDRT4__pos"	0.362930303949528	7.31879185373354	4.42778186145549
"CDS2__pos"	6.80047003164839	6.2686546299156	0.107463395692837
"CELA3A__pos"	5.47237197005295	4.53531761537493	3.70050596472943
"CEP63__pos"	6.82993684087675	5.40925351405371	0.478135262679164
"CFAP57__pos"	3.70115088278475	6.37319027109238	3.43326047776166
"CFAP70__pos"	2.22044604925031e-16	11.71141328415	1.29692585999869
"CHN2__pos"	2.65084349432801	9.40205344586843	1.39929541217825
"CHRDL1__pos"	3.42095932999213	7.84807772139699	3.18776068912483
"CHRNA9__pos"	10.033878055328	3.929032360979	0.396888350953026
"CPA6__pos"	3.21059842385685	6.31824738012095	4.10137887496569
"CTB.96E2.2__pos"	14.6785000167137	2.22044604925031e-16	0.0079159307237203
"CTD.2207O23.10__pos"	13.0550007675369	2.22044604925031e-16	1.41795649056367
"CTD.2370N5.3__pos"	9.9251437261806	3.5412675448121	2.22044604925031e-16
"CTD.3222D19.2__pos"	13.1633287756461	1.36482266837814	2.22044604925031e-16
"DAOA__pos"	4.32141130431953	8.91194922114214	0.968024675340083
"DAPL1__pos"	2.22044604925031e-16	12.0113087823939	1.71878654400456
"DGAT2L6__pos"	4.74025623419792	6.817076281433	2.36186636219306
"DGKG__pos"	8.50733608346991	4.47707610007045	2.22044604925031e-16
"DHRS7__pos"	4.85720040000042	5.95041916806996	2.47394344933537
"DMGDH__pos"	3.8868761395412	9.84356991387186	0.00610352157777194
"DMTN__pos"	2.22044604925031e-16	13.5812784862525	0.102795014517069
"DPP9__pos"	11.2646459155699	2.44088938534488	5.41143349882615e-10
"EDDM3A__pos"	14.7215041456339	2.22044604925031e-16	2.22044604925031e-16
"ENKUR__pos"	3.11577201826963	8.60820506227336	2.01562838387526
"ENTHD1__pos"	5.08674708917488	2.06232585237675	6.4543367854893
"EPDR1__pos"	4.84135958959196	2.45984987866956	2.54736293453472
"ETFDH__pos"	4.45302032961309	6.87249896954508	1.9005416095976
"ETNPPL__pos"	0.241781817508059	10.5668532402291	2.40781724994294
"FAM135B__pos"	4.95984496180513	7.77000650105403	0.188612068425281
"FBXO27__pos"	2.45743498144921	8.32639103513928	2.3282478556526
"FBXO39__pos"	3.4154694846908	7.8162753957653	1.36706554855417
"FBXO40__pos"	2.41509966569366e-13	12.3745659663901	1.42366733437871
"FREM3__pos"	4.87618905599643	7.63039335281918	1.66602717779132
"FRMD1__pos"	0.263259105985637	9.09038603622674	4.41892955573432
"GABRR2__pos"	2.55525801452155	11.1049830812278	2.22044604925031e-16
"GCNT3__pos"	8.5092135736999	5.13949215573906	0.348946318906179
"GMPR2__pos"	5.92513741127852	4.61637548180192	2.43389411464991
"GPR150__pos"	7.55013583108917	3.03617671855385	2.89030146280485
"GPR22__pos"	6.47072261741582	5.7048761706974	0.925081294968835
"GPR37__pos"	0.798362904416582	13.1828475751274	2.22044604925031e-16
"GPRC5A__pos"	8.08248106467364	2.76183721722198	2.95763363278527
"GS1.114I9.3__pos"	8.69705983102853	5.10347532666354	2.22044604925031e-16
"GYG1__pos"	5.98071409257602	2.20419448409175	3.43250503654927
"GYPE__pos"	3.74467678982208	8.71273202606102	0.781434619904908
"GYS2__pos"	1.43210400761259	12.7889187335996	1.46525019584605e-09
"HACD1__pos"	4.57154690526169	5.34505439587499	3.68478379341153
"HADHB__pos"	2.77236843473238	9.25426349629608	1.58909408074092
"HHATL__pos"	2.22044604925031e-16	11.5726502356822	2.12899816074031
"HHLA2__pos"	8.34945085999425	4.65132090149406	1.12135193653207
"IFNA16__pos"	14.2632931505518	2.22044604925031e-16	2.22044604925031e-16
"IGFN1__pos"	3.19415171095091	6.98965730881653	3.56941665507485
"IRX6__pos"	1.93007872096388	7.82238848439585	4.05147652500547
"ITGB1BP2__pos"	2.92683161334396	10.2894325508736	0.153661355172915
"ITLN2__pos"	7.48724934502969	5.64312064140315	1.08261988902307
"ITPKA__pos"	9.07629015750518	2.69821435122966	1.87368510310148
"KCTD16__pos"	4.09658158289127	9.88945853585435	2.22044604925031e-16
"KRT33B__pos"	9.23500832386737	2.58111488626574	2.2015269976241
"KTN1__pos"	9.01982598719825	2.37709311457476	0.709310756767597
"L3MBTL4__pos"	5.16970984684284	7.85460466534366	0.705125862136381
"LACTB2__pos"	8.5395506123852	4.54003098666374	2.22044604925031e-16
"LETM2__pos"	9.05098001051545	4.50618234010493	0.269832266943513
"LRRC2__pos"	4.6357451230657	8.61611250805687	0.909030198231345
"LRRC39__pos"	4.59222401401489	8.89663977983711	2.22044604925031e-16
"LUZP4__pos"	10.926559123306	3.04460169711481	0.617825349365642
"MAS1__pos"	2.79901132253543	11.1958250260327	2.22044604925031e-16
"MFSD2B__pos"	9.8727345300009	0.314346179455217	3.11973673381435
"MRVI1__pos"	0.693352644852615	10.6006501891164	2.22591863707669
"MT.ND5__pos"	4.78992065815542	8.42912582295694	2.22044604925031e-16
"MTHFS__pos"	4.38522130867277	8.20372494923999	1.29328284221458
"MUC13__pos"	7.13331341145588	3.10802752423374	3.25557479007972
"MYRIP__pos"	1.14590292475272	12.8329103734609	2.22044604925031e-16
"MYZAP__pos"	2.22044604925031e-16	13.2239394915262	0.406509735058198
"NDRG4__pos"	2.49847063447084	8.91533688063243	2.23008468880633
"NRG1__pos"	5.81905362271102	5.20052642991483	2.84501846615805
"NTSR2__pos"	2.22044604925031e-16	10.7195029429394	3.04339737057995
"OR10A6__pos"	13.9638807826796	2.22044604925031e-16	0.633483443195298
"OR13H1__pos"	14.6430667222937	2.22044604925031e-16	2.22044604925031e-16
"OR7A17__pos"	5.39526857348088	6.31791916316025	2.18309394259324
"OR7E24__pos"	9.03759800309168	3.28225044966604	1.59346642628669
"P2RX7__pos"	6.36146676761063	5.93711902799465	2.22044604925031e-16
"PARP6__pos"	4.91792069534028	5.69768750813378	2.95608499348283
"PCDHGB1__pos"	4.88662457010351	9.05321555616405	0.0214893139824235
"PDCD6IP__pos"	10.4561378559861	3.09582843907134	2.22044604925031e-16
"PLA2G6__pos"	2.22044604925031e-16	13.7511909024191	2.22044604925031e-16
"PLCB4__pos"	4.51211040567608	8.1881073648676	2.45841789781212e-10
"PLN__pos"	1.84246107110466	6.03463835251144	4.6527760060948
"PLSCR2__pos"	5.28657914603402	7.45816080791107	1.04617913495941
"PMEL__pos"	1.42216815148698	12.687843753696	2.99802972625187e-07
"PNLIPRP3__pos"	10.3319771075433	2.76453475705312	1.07744832886591
"POLG__pos"	4.15546995783995	7.20315622622327	1.15646816850476
"POU2F3__pos"	4.74724916570994	6.8856296126613	2.25620765168764
"PPP1R26__pos"	2.44576533368435	10.9851636640615	0.30504047893826
"PQLC2L__pos"	3.69503770447209	3.82035610276372	4.38057365033715
"PRCP__pos"	5.28119334922911	6.1248811726818	1.16091102351817
"PRDM12__pos"	7.26490474336034	4.57515770665065	2.59653159016872
"PRKAA2__pos"	3.73389065900711	9.84294187261855	2.22044604925031e-16
"PRM1__pos"	14.4011927250604	0.28389791146999	2.22044604925031e-16
"PRR26__pos"	1.1898579571163	8.97842294757385	3.30278580573995
"PTPRQ__pos"	8.96212312970259	2.59510543731717	2.1003011909036
"RAB3C__pos"	2.22044604925031e-16	9.9026007809977	3.56207639749853
"RERGL__pos"	0.510282849832936	10.6072086256452	2.57888598726
"RGS2__pos"	3.63851927538057	5.25192012069095	3.98396515366611
"RNF157__pos"	4.71860084685375	5.50620686478856	1.68935846896877
"RP1.317E23.6__pos"	3.6364862374114	8.6325773163338	1.5231822586552
"RP11.1012A1.4__pos"	5.03618024471719	9.14332791339751	2.22044604925031e-16
"RP11.159D12.5__pos"	4.97243316672288	3.45195692077417	4.43397567837851
"RP11.162P23.2__pos"	3.72039804340985	9.29257570505221	0.914550509271534
"RP11.468E2.6__pos"	6.89002096732608	6.8233499915023	0.212825126408906
"RP11.691N7.6__pos"	3.94366939169396	10.0311646854382	2.22044604925031e-16
"RP11.73M18.2__pos"	10.0119005933622	3.92681137516501	2.22044604925031e-16
"RPGRIP1__pos"	3.09030861757689	8.20966794835806	0.851813512420672
"RPS6KA5__pos"	4.0465440902342	9.17606147318479	2.22044604925031e-16
"SDC4__pos"	5.27728002541786	1.88344956073959	4.95282838015245
"SETSIP__pos"	6.18678722156577	6.25396294991254	1.50986923489851
"SGIP1__pos"	5.38582018502661	6.59396390588661	1.90884570196575
"SGPP2__pos"	5.07175977050044	8.73769716501612	2.22044604925031e-16
"SLC25A4__pos"	2.22044604925031e-16	11.9849827671128	1.34768673489022
"SLC46A3__pos"	4.04302553093219	6.02906299698242	2.78451798041758
"SLC8A1__pos"	5.83172363116944	8.03908398953179	2.22044604925031e-16
"SLC9A7__pos"	9.66093877580978	2.78783008699456	1.52898777331215
"SNTA1__pos"	4.28323302804803	5.92375729042827	2.50068220292806
"SOD3__pos"	0.926018954843254	7.40485659293403	4.9344083773437
"SPATA4__pos"	7.83557914998667	4.49644467457638	1.39164274881282
"SPDYE4__pos"	6.65042321082708	6.03826696501442	1.44868383470992
"SPRYD7__pos"	3.76202877541328	6.57750970817965	1.76908773364544
"ST20.MTHFS__pos"	4.23336819232382	8.24592163687769	1.04094902603865
"ST8SIA5__pos"	4.33598415280098	7.48034677144592	1.78659631826399
"STX3__pos"	9.05483470986104	2.52902757249896	0.863153815264606
"SYNDIG1L__pos"	9.32238972787301e-16	11.0077639722293	2.1026968571272
"SYNM__pos"	1.3625525504121	12.4021772259763	2.22044604925031e-16
"TBC1D2__pos"	9.62203598949686	2.22044604925031e-16	4.15563337260231
"TFDP3__pos"	9.10917779283489	3.32732071030619	1.84342048557786
"TJP2__pos"	5.9384079597447	6.1400947076869	0.556771682909112
"TMEM126B__pos"	2.93497943530106	3.54109948485556	3.82939485676508
"TMEM130__pos"	2.22044604925031e-16	10.5048489959076	3.0789386509168
"TMEM266__pos"	2.43549416171697	9.93880387576891	0.337106156197059
"TRPA1__pos"	8.82036831129035	4.9722213481014	2.22044604925031e-16
"TSLP__pos"	6.22848688478144	6.80207399025485	0.758500813121081
"TUSC5__pos"	1.85946005885595	10.8338484036982	1.02304924122773
"VMP1__pos"	2.38972088430096	1.71954498649638	7.77897522255976
"WDR93__pos"	2.22044604925031e-16	11.2474975557853	1.76474566017755
"WISP2__pos"	6.49597958688375	0.000929136224934238	6.9203836766392
"XXbac.BPG181M17.5__pos"	9.04377974832196	1.04360592830546	3.48048419170375
"ZBTB25__pos"	8.06245409351311	3.77980991591373	1.37730136121566
"ZNF804A__pos"	8.71577790089841	5.78588668537723	2.22044604925031e-16
"ABCC11__pos"	2.35900209004923	11.3455972864751	2.22044604925031e-16
"ABR__pos"	5.12785306908113	6.07796109472225	1.15907277090602
"AC009758.1__pos"	13.8118203457994	2.22044604925031e-16	2.22044604925031e-16
"AC015688.3__pos"	5.19656494624045	7.27939165721865	1.48378879625448
"AC087392.1__pos"	14.765617118145	2.22044604925031e-16	2.22044604925031e-16
"ACAT1__pos"	3.31253579631133	3.34513198426746	5.91627235299048
"ACCSL__pos"	6.29896976988078	3.76541102709732	3.69589537629544
"ADAMTS6__pos"	8.43473122513842	5.41794124341552	2.22044604925031e-16
"ADH4__pos"	3.31047978274259	7.90050681590247	2.2235321552926
"ADHFE1__pos"	2.21066553257657	11.5599861553263	2.22044604925031e-16
"AIFM2__pos"	0.447650323910433	4.63041755906751	7.38554487359999
"ALDH4A1__pos"	2.01798525735077	7.18879024605903	4.50730335882042
"AMOTL2__pos"	5.23492893280446	8.66444798583103	2.22044604925031e-16
"ANKRD29__pos"	5.37877281151331	7.99990278277678	0.210552727493219
"ANKRD30B__pos"	5.67425268840853	5.87149816855198	2.26998064771299
"AP000769.1__pos"	2.94038308916583	6.9634139408012	2.50089439298965
"APEX1__pos"	5.50321396417166	4.29785213975419	2.15725981747596
"ARMC8__pos"	6.13821459732959	6.78456520756921	2.22044604925031e-16
"ASAH1__pos"	4.07007912875716	5.85131425963586	1.32113184436883
"ATP5S__pos"	2.75392062633587	6.84754722006629	1.48941308558543
"ATPAF1__pos"	6.86094565323045	5.64273775152225	0.760033519525629
"AXL__pos"	7.82492025554823	0.92362942889246	1.49774575289367
"BTG4__pos"	9.38757196612284	3.9736989477851	0.738538589135103
"CAPSL__pos"	7.12101088781625	3.66373667126156	2.83065503341449
"CAV1__pos"	8.62940357818582	4.88180289877843	0.342328391851962
"CCR3__pos"	6.80884543194026	2.36258937813682	4.22642392589248
"CD1B__pos"	5.91185890611744	3.70113959754209	3.80880615210662
"CDKL1__pos"	4.629255295978	9.21302947327844	0.00915862990654854
"CERS3__pos"	1.95482521342138	8.22695811352776	2.25212260255322
"CIDEA__pos"	1.12445701710446e-12	8.95871854613273	4.51956574761498
"CLIP4__pos"	6.88615893978021	5.77304433231175	0.119261400224963
"CORO7.PAM16__pos"	1.82687126834993	4.57797101399777	6.1802001069897
"CPEB4__pos"	4.68739881288344	7.83481029888861	2.22044604925031e-16
"CTD.3148I10.9__pos"	10.8955433704231	2.39801879030759	1.00475201797563
"CTD.3214H19.4__pos"	6.31477270371959	7.04593750730536	0.36851015607022
"DMKN__pos"	1.7745826394775	5.98846655178479	4.9492166007147
"DTNA__pos"	5.63911589392107	6.11745340931831	1.63460547385827
"EMC3__pos"	5.8886606394081	4.54859260964475	1.29251502310023
"ERICH1__pos"	4.04779378230585	9.55776066673323	2.22044604925031e-16
"ERV3.1__pos"	3.51770566962663	9.53517317077419	0.732011949530436
"FAM189A2__pos"	1.59895798080816	10.8932369655028	0.761252521717032
"FBP2__pos"	1.79041660029813	9.16559779242863	2.76430241138858
"FBXL13__pos"	8.66940685620446	5.50060457588215	2.22044604925031e-16
"FBXO25__pos"	2.30154605455012	5.71089500318888	1.97500365729758
"FCER1A__pos"	1.48575188926858	7.53278876310307	3.2352428236148
"FN3K__pos"	1.39007827540823	8.67653813031433	1.6249129496639
"FP325331.1__pos"	6.66934854021056	3.12418336551247	3.75312117891974
"FST__pos"	3.21316735386546	6.24357429260327	4.18570883673131
"GABRP__pos"	9.20443495843028	4.54425084841874	0.321674385926196
"GJB3__pos"	6.72816095111419	3.79728024182291	3.0561330649692
"GPAT3__pos"	5.1156677911825	8.28691454163861	0.149513565169447
"GPCPD1__pos"	2.07849832046356	1.02218776924155	8.65154340132612
"GPR143__pos"	1.62825902653918	9.53408741098961	2.57264039138802
"GPR52__pos"	7.37250507425386	6.88828930569281	2.22044604925031e-16
"GYPA__pos"	3.17377023851186	9.21885244481563	1.51441686352754
"HIST1H4F__pos"	9.12509214884927	3.40897875606226	2.33669789242996
"HOGA1__pos"	4.78354724792443	5.51291851831335	2.43935420559047
"HRH2__pos"	6.31415134259015	7.69879929515872	2.22044604925031e-16
"HTR1D__pos"	5.42118825749233	8.47105704512953	2.22044604925031e-16
"HTR2B__pos"	2.3692683285766	6.70493416853796	4.21370734268725
"HTRA4__pos"	6.42500252095066	6.33334425609609	0.0227526189521997
"IL13__pos"	4.49679895779767	7.51503939156949	2.18360299967144
"IL18RAP__pos"	5.56806032743952	5.3956627112585	2.65354747917476
"IL1RL1__pos"	10.0145240143022	0.813969143058225	3.15182214543221
"IL36A__pos"	13.779276053426	2.22044604925031e-16	0.6729737849372
"ITLN1__pos"	7.46703174715936	2.45084849300447	3.61728173342809
"KCNIP2__pos"	1.65600999998718	10.9682939580377	0.425927303386697
"KCNQ4__pos"	9.68900706935206e-12	12.6886624433292	1.05768139133575
"KIR2DL1__pos"	4.56990283943191	4.92880290195304	3.87197534699034
"KLHL10__pos"	3.25191009616031	9.14851627747771	1.0300804698066
"KLHL21__pos"	10.221190185546	3.3863048544313	0.119884783764986
"KRT7__pos"	4.37115823085654	2.38356798384258	4.72833571506359
"KRTAP1.5__pos"	9.38436640810213	2.22044604925031e-16	4.70479398899838
"KRTAP12.3__pos"	14.4121114544693	0.2899807609808	0.036739325097328
"KRTAP3.1__pos"	10.2439628130618	1.45454973753369	2.54928654259803
"LIPC__pos"	5.93486888433934	2.62406293605396	4.2343497589944
"LMO7__pos"	10.2177753190698	4.04485577214053	2.22044604925031e-16
"LMOD1__pos"	2.22044604925031e-16	8.92133793267224	3.19246767067699
"MDH1__pos"	3.72847149394693	4.6582473196124	4.34900002714436
"ME3__pos"	4.37948871276351	6.82571301636483	1.81461848290176
"MET__pos"	8.63863452154446	4.81896129879398	0.00490760457381369
"METTL17__pos"	4.84097802188735	7.14482016107452	1.27407483000031
"MLPH__pos"	7.23804901509895	1.4368031779555	4.63140183767562
"MME__pos"	11.1128897878812	1.90499329963285	0.984299172043803
"MTRNR2L1__pos"	3.15391167490588	5.3012099361647	5.61223729478292
"MYH3__pos"	4.99977441780734	6.19609546899417	2.59717525318873
"MYL9__pos"	1.28961283975532	2.48191518470359	8.54830267783299
"NCEH1__pos"	5.23168019604257	2.72949879489956	3.88095048772111
"NEDD8.MDP1__pos"	5.05445612300813	4.54521721779228	3.09182341885947
"NLRP10__pos"	12.2444708641522	2.22044604925031e-16	1.98006020327202
"NMNAT2__pos"	6.89586042258724	7.35968061829556	2.22044604925031e-16
"NXNL1__pos"	1.47546738296552	10.0845181972837	1.49457426000144
"OMG__pos"	2.61346943788162	7.54484587219268	3.47531394972842
"OR2A2__pos"	12.2868172891817	1.40403058177482	0.746324870372521
"OR4N2__pos"	13.9412919037153	2.22044604925031e-16	0.578328747123538
"PBLD__pos"	3.09270538086104	10.6329259136077	2.22044604925031e-16
"PCCB__pos"	5.29243840212797	2.57549498372641	4.58949637517582
"PDCL2__pos"	11.3341057977389	3.23484708495915	1.11451941640395e-10
"PDK1__pos"	6.35662726030814	6.47271609377448	0.91956013195175
"PIP5K1B__pos"	0.820561823043793	13.1775691440432	2.22044604925031e-16
"PLIN1__pos"	2.22044604925031e-16	12.7179481938724	1.23178013292281
"PNPLA7__pos"	0.774793362411392	7.84906794914322	2.20057811035691
"PPARGC1A__pos"	2.60748972465491	7.41810998341676	2.67753498973511
"PPP1R12B__pos"	2.10425588093046	10.2990112253177	2.22044604925031e-16
"PPP1R3B__pos"	3.17714597879133	9.39402712224562	2.22044604925031e-16
"PRELP__pos"	1.01363218883012e-10	10.9160782211528	2.74784137882443
"PSMA4__pos"	7.17559571313842	3.46652811429876	2.79715129974214
"RAD18__pos"	9.82120297746571	4.29941786844969	2.22044604925031e-16
"RASGRF1__pos"	3.74620235953099	7.0967633242669	2.66701466251739
"RCBTB1__pos"	2.78019082020911	10.4320875537792	2.22044604925031e-16
"RNASE7__pos"	6.94725035496528	5.00459418899913	2.29067856076274
"RNASEK.C17orf49__pos"	4.6316069074586e-12	4.92584550490736	7.85049240468329
"RP11.140L24.4__pos"	4.87233936306199	8.98493819339903	2.22044604925031e-16
"RP11.432B6.3__pos"	7.52727438958936	6.52803713943487	2.22044604925031e-16
"RP11.47I22.4__pos"	11.650508921253	3.17943730927425	2.22044604925031e-16
"RP11.574K11.31__pos"	3.65286145469088	10.0937282206887	2.22044604925031e-16
"RP4.777O23.3__pos"	3.62601143649171	9.56369926531778	0.312675049613366
"RRAGD__pos"	5.38578664005597	5.82923870935703	1.65084678342213
"RSPO3__pos"	2.22044604925031e-16	8.93994988945336	4.40636126722658
"S100A3__pos"	8.74675701037888	2.22044604925031e-16	4.76236599695726
"SAMD9L__pos"	8.36340930025534	4.50290313472412	0.420657100825673
"SEMG2__pos"	14.6925899266132	7.39209800563004e-05	2.22044604925031e-16
"SERPINI2__pos"	5.0199430756879	9.06046769364773	0.104313814514527
"SLC22A12__pos"	1.39268839089006	9.58310200516295	2.79878002972333
"SLC25A48__pos"	1.60732200969054	11.126039342841	1.03440502970837
"SMCO3__pos"	2.20418600792663	9.97762115816893	0.947347095873584
"SORBS2__pos"	6.90843160324131	6.61471219188846	2.22044604925031e-16
"SPANXC__pos"	11.4825925489253	2.22044604925031e-16	2.94827060916316
"SPIRE1__pos"	7.41072027206502	5.79874789379267	2.22044604925031e-16
"STAB2__pos"	4.45344706431828	7.55303282683277	1.95479360119729
"STRA6__pos"	2.22148892915997	8.88037359850834	2.4209917573778
"STRIP2__pos"	11.370310891242	2.72519897697892	0.303500770438136
"STS__pos"	5.71834566126966	7.48899906524356	2.22044604925031e-16
"TACC1__pos"	4.13006864748933	2.45738803073589	5.67225387522392
"TANGO2__pos"	8.18985215140532	4.1040730284422	1.05832948272236
"TBC1D3E__pos"	11.1562109780114	3.53910674448662	1.67334720104858e-06
"TMEM55B__pos"	4.66553383056808	3.69805984397144	3.5462342685944
"TMIGD1__pos"	14.4712048724764	2.22044604925031e-16	0.210757839568732
"TMOD1__pos"	2.22044604925031e-16	8.95477112129262	4.47943780086248
"TMX2.CTNND1__pos"	3.98584543671105	9.5687556770583	0.449655714060076
"TSPAN10__pos"	3.38695953980568	7.49269720359939	2.93369547366032
"TTC39A__pos"	5.45275966759532	8.72414807792603	2.95921889598014e-05
"TXNRD1__pos"	7.30001451333576	6.6905452145433	2.22044604925031e-16
"TYRP1__pos"	5.19602350839794	7.83633573686272	0.907039307600454
"VSX1__pos"	3.69899792541163	10.5210368240258	2.22044604925031e-16
"ZMAT1__pos"	3.81540893460951	9.16144278564374	0.0993795193044134
"ZNF219__pos"	4.93355443879765	9.09465892231344	0.229324797835858
"ZNF655__pos"	7.71490126159973	5.85247550715003	2.22044604925031e-16
"ZNF705G__pos"	10.9691887521497	3.059998059824	2.22044604925031e-16
"ZSCAN4__pos"	0.0983645408788833	13.6501685984826	2.22044604925031e-16
"ZZZ3__pos"	7.30017909735334	6.14101278318544	2.22044604925031e-16
"ABCB5__neg"	3.30852111730716	4.19550612216054	5.94010702830515
"ABI3BP__neg"	0.281087428409607	4.00365563884374	8.19724630285407
"AC002985.3__neg"	1.7486552861113	1.7524101420288	9.02203226936106
"AC011530.4__neg"	4.83382072157127	2.14205768403851	6.47058715219454
"ACSM5__neg"	1.91918878942359	3.71584387396607	7.66755086567649
"ACVR1C__neg"	2.22044604925031e-16	1.41996041439087	11.1210199210928
"ADCY5__neg"	6.46366543755355	2.22044604925031e-16	6.91379978621686
"ADRA1A__neg"	5.12987806031145	2.22044604925031e-16	7.51277679223142
"ALDH1L1__neg"	6.21409534756436	2.22044604925031e-16	6.56015065487149
"ALDH2__neg"	4.88114515231545	2.22044604925031e-16	6.48618800564826
"ALOXE3__neg"	2.22044604925031e-16	5.52854241592828	7.53857829648667
"ALPP__neg"	4.05371325914228	1.66878258102411	7.25682354796398
"ANO3__neg"	1.77509509064237	2.68295470154689	8.6198728870312
"AP000295.9__neg"	2.8208681164081	1.5305601943276	8.30628127072804
"AP5B1__neg"	2.22044604925031e-16	4.16437553778144	6.40205424771439
"ARHGEF10__neg"	1.96241063029062	1.78869128923545	8.58132710872191
"ARNT2__neg"	3.51638712188058	4.69660192954952e-05	9.15510734570078
"ASCL3__neg"	1.22412704365987	4.04202733696704	7.83053977841203
"AVPI1__neg"	0.415118827490016	6.69076314757777	4.7263469650601
"BCL2L13__neg"	2.22044604925031e-16	0.0956808745717142	9.92001947514526
"BDH1__neg"	1.27601047068043	2.73986087307601	8.13068721121781
"C14orf180__neg"	6.95092216457567	2.22044604925031e-16	6.44030918912036
"C15orf40__neg"	4.33034914763773	0.292945751345037	4.25964386581251
"C1RL__neg"	7.60160020671992	2.54083833420014	3.44059973733394
"C7orf77__neg"	2.22044604925031e-16	3.98860021880215	9.12724789656115
"CAST__neg"	3.54563537707303	3.39010632588866	5.07028948568993
"CCDC33__neg"	3.92857231408324	2.3286369483738	6.92619669138083
"CD1A__neg"	8.05867926525081e-05	5.84738810215477	6.56434065894982
"CD1C__neg"	2.84266630048117	2.49174937117573	7.27276588701196
"CD1E__neg"	3.53675841411807	0.799573560969649	7.78465548254099
"CDRT4__neg"	8.62340231789903	2.03916662450464	2.08831986915465
"CDS2__neg"	1.31868858053784	0.120548672652881	10.2670008007633
"CELA3A__neg"	2.58966488047017	4.01059935058048	6.62787689077743
"CEP63__neg"	0.563695055965915	3.31782951781338	7.68937138042925
"CFAP57__neg"	3.77512727099322	1.98733421989192	7.28127161165924
"CFAP70__neg"	4.7973748801478	2.22044604925031e-16	7.64768967905173
"CHN2__neg"	3.59710771867588	0.317928877947154	8.6928162209431
"CHRDL1__neg"	5.32703620591484	0.834183486973884	7.81624879054661
"CHRNA9__neg"	1.61382536077348	4.51161346778832	7.06113084460391
"CPA6__neg"	3.9403513325344	3.16701296811845	6.28891424049369
"CTB.96E2.2__neg"	0.0102460647110276	5.3075402483939	7.78943306496218
"CTD.2207O23.10__neg"	2.22044604925031e-16	5.52647438827877	7.62785259510704
"CTD.2370N5.3__neg"	2.22044604925031e-16	5.18438135859659	7.0026066150548
"CTD.3222D19.2__neg"	2.22044604925031e-16	4.29813902155556	8.61479021937024
"DAOA__neg"	3.46153479741464	2.09290822564131	7.78258832017655
"DAPL1__neg"	5.35993184894777	0.442385693529926	7.46252487650214
"DGAT2L6__neg"	2.57683769457021	2.65775043302576	7.91675285437338
"DGKG__neg"	2.22044604925031e-16	3.96948331205819	7.71088253809942
"DHRS7__neg"	2.28637381839283	2.26497748709083	7.95382922860209
"DMGDH__neg"	3.09052920163879	2.22044604925031e-16	9.46361577080705
"DMTN__neg"	5.31048625204724	2.22044604925031e-16	7.68325468484636
"DPP9__neg"	2.22044604925031e-16	5.8194614332301	6.59782396295036
"EDDM3A__neg"	0.327981586332637	5.89527651612741	7.0230046388045
"ENKUR__neg"	4.11830862925921	1.31081540046514	7.66780248288271
"ENTHD1__neg"	2.69493974424861	5.3993078778965	5.51917985308981
"EPDR1__neg"	0.578010393404328	2.07925152221461	6.52414067464186
"ETFDH__neg"	2.89907676347276	0.927735945858141	8.52761966137705
"ETNPPL__neg"	3.63310341395349	2.22044604925031e-16	8.93751670714031
"FAM135B__neg"	2.22044604925031e-16	2.22044604925031e-16	11.3491912990535
"FBXO27__neg"	5.53017581530446	2.22044604925031e-16	7.13179998938235
"FBXO39__neg"	2.6923213257101	1.60684774955842	7.52134813376882
"FBXO40__neg"	5.00995500372117	0.103756678546781	8.09190978298751
"FREM3__neg"	3.45996047881941	1.52793835190657	8.3162336863267
"FRMD1__neg"	6.33396995005447	1.03942205486681	6.41907915050332
"GABRR2__neg"	1.40935261815929	2.22044604925031e-16	10.880622517723
"GCNT3__neg"	0.971545262032898	0.937572545160472	10.5269827085604
"GMPR2__neg"	1.21712207667701	3.71934429997691	7.25058266822287
"GPR150__neg"	0.64671277989384	5.74874806299013	6.36115842460071
"GPR22__neg"	1.48956757877872	2.87710653892397	7.69655839829754
"GPR37__neg"	4.66176861635607	0.735008928267248	7.80431520960086
"GPRC5A__neg"	0.313109868455606	6.12169165664092	6.59007404197543
"GS1.114I9.3__neg"	0.432162814524237	0.697499710498519	10.9804572626963
"GYG1__neg"	2.10801113035359	3.48353138593172	5.59573192484736
"GYPE__neg"	1.94056782323753	0.773681354795144	9.40037071597191
"GYS2__neg"	3.99910330931444	2.22044604925031e-16	9.21453575101991
"HACD1__neg"	2.77336061981792	2.97685480801991	7.33081123004799
"HADHB__neg"	5.52528973855799	0.610158044113639	6.94883233902092
"HHATL__neg"	5.49793988869108	0.754404161820697	7.08556886668549
"HHLA2__neg"	0.761073398487939	3.8450734329391	8.31453143918053
"IFNA16__neg"	2.22044604925031e-16	5.46875416945143	7.29225144581586
"IGFN1__neg"	5.06359282249238	2.16501382062798	6.27687775221634
"IRX6__neg"	5.85263530337284	1.336425114496	6.48877093078629
"ITGB1BP2__neg"	3.35680775768397	8.16716187885077e-07	8.96250867629377
"ITLN2__neg"	2.24951479729366	3.26650257308819	7.67068539898056
"ITPKA__neg"	2.22044604925031e-16	6.85328895086623	5.91200931350263
"KCTD16__neg"	3.06215562321985	1.0033647968085	8.8067970958846
"KRT33B__neg"	2.22044604925031e-16	5.07456507808351	7.8570335337825
"KTN1__neg"	1.05339312484774	5.23782349371344	4.95497720519688
"L3MBTL4__neg"	1.56217418935487	2.22044604925031e-16	10.7873920295614
"LACTB2__neg"	2.22044604925031e-16	1.99082025349578	9.55899792345937
"LETM2__neg"	0.55445106874206	2.818309225431	9.02401983086451
"LRRC2__neg"	3.64452787398562	2.22044604925031e-16	9.43820463109602
"LRRC39__neg"	2.57790757638198	0.736162875927892	8.99573829840658
"LUZP4__neg"	2.22044604925031e-16	5.27155045203233	7.95417290817024
"MAS1__neg"	2.9641068192617	2.22044604925031e-16	9.84312063532004
"MFSD2B__neg"	0.000147830194075669	7.82551306980624	4.84461501159317
"MRVI1__neg"	5.47013725802372	0.927667505888521	6.77646105626049
"MT.ND5__neg"	0.722047367265732	0.890040618953046	10.1936466932431
"MTHFS__neg"	3.50202537695974	0.487305191652292	8.92798742373931
"MUC13__neg"	0.21690389771305	5.67630134455725	6.86619004503879
"MYRIP__neg"	5.59517215707092	2.22044604925031e-16	7.64786319168449
"MYZAP__neg"	6.07090327292743	0.122433824161373	6.91036024652386
"NDRG4__neg"	3.2611049263448	2.22044604925031e-16	9.52975574841876
"NRG1__neg"	3.80304991768387	2.43572980832795	7.03055081700401
"NTSR2__neg"	6.00797070147597	0.785178326188992	6.77657863821689
"OR10A6__neg"	2.22044604925031e-16	6.50100228508946	6.7497678832346
"OR13H1__neg"	2.22044604925031e-16	5.49062370109067	7.59676177812985
"OR7A17__neg"	2.28318115472367	3.18581740484235	7.63132327244737
"OR7E24__neg"	0.615767946823085	4.66793269424824	7.54305279495835
"P2RX7__neg"	3.50829752584076	1.34718477796014	6.52736223039281
"PARP6__neg"	2.34289525196202	1.97211192535782	8.47534289048675
"PCDHGB1__neg"	3.07290940406486	2.32135961682976	7.57209461407297
"PDCD6IP__neg"	2.22044604925031e-16	1.95838503739743	9.93522306112745
"PLA2G6__neg"	4.85196822164315	2.22044604925031e-16	8.12317591745643
"PLCB4__neg"	1.34948839968819	2.22044604925031e-16	10.0000816829933
"PLN__neg"	5.44441445770691	2.42186289879498	4.80140984126814
"PLSCR2__neg"	1.02426651108225	2.39231208033882	9.20018584879202
"PMEL__neg"	5.24782569236746	1.05682715591046	7.10811297568418
"PNLIPRP3__neg"	2.22044604925031e-16	4.55725201984299	8.2937441365539
"POLG__neg"	2.22044604925031e-16	2.60017132611908	8.80655666012924
"POU2F3__neg"	3.3491153644861	2.3908530320941	7.4573147698012
"PPP1R26__neg"	4.2737226992023	2.22044604925031e-16	8.54159260119438
"PQLC2L__neg"	3.90391629544956	4.13990307535158	3.91740517779924
"PRCP__neg"	2.12968105009857	0.711829601991885	8.67683372162583
"PRDM12__neg"	2.42564524961121	3.65496117673167	7.54585206254136
"PRKAA2__neg"	3.03660731904994	2.22044604925031e-16	9.37243376889672
"PRM1__neg"	2.22044604925031e-16	4.74329252957453	8.31000896596584
"PRR26__neg"	6.62063019509891	1.9680031913988	4.92099945739983
"PTPRQ__neg"	0.118458475591504	6.0577782889432	6.55761089309829
"RAB3C__neg"	4.05538445331014	2.67965707610265	6.54325432087825
"RERGL__neg"	6.08265772771082	0.476666774688416	6.85868444016537
"RGS2__neg"	1.80159303321444	4.29689342209593	6.40283510038703
"RNF157__neg"	1.89507190533344	0.516948218401864	8.54753343821321
"RP1.317E23.6__neg"	0.871279540816654	3.09037229962513	8.82469304687408
"RP11.1012A1.4__neg"	3.02399446112627	2.02300017680035	8.06635828764782
"RP11.159D12.5__neg"	2.43628018418012	4.4965228094572	5.66625290126653
"RP11.162P23.2__neg"	1.75582903480905	1.33804262596722	9.68419340624747
"RP11.468E2.6__neg"	0.00183508439028855	2.86438674067928	9.62008195781197
"RP11.691N7.6__neg"	2.34531165514465	0.0203390474503829	10.2909182341544
"RP11.73M18.2__neg"	2.22044604925031e-16	3.62707706384789	8.80917721023883
"RPGRIP1__neg"	2.73469560299914	2.22044604925031e-16	8.47625684792855
"RPS6KA5__neg"	0.841379340628877	2.22044604925031e-16	10.9173948060476
"SDC4__neg"	3.95679494095244	2.88567047725681	5.1856916856711
"SETSIP__neg"	0.648085095709847	4.56122938143632	7.74485221920369
"SGIP1__neg"	3.55692210722306	0.395040529636912	8.99715734399124
"SGPP2__neg"	2.28253592874453	2.22044604925031e-16	10.1716098817259
"SLC25A4__neg"	6.66213474268	2.22044604925031e-16	6.35144518539212
"SLC46A3__neg"	2.2069189005419	3.79220068374303	6.34577687077486
"SLC8A1__neg"	1.63885438655797	0.010266022225926	10.7370134172735
"SLC9A7__neg"	3.78592282968204e-05	4.27564519557861	8.44463846255571
"SNTA1__neg"	3.01460782761093	1.0972294432444	7.88713815569882
"SOD3__neg"	4.77283019319857	3.22635898254351	5.37862374819025
"SPATA4__neg"	0.833721099762173	1.65742986769788	9.89715773856778
"SPDYE4__neg"	0.952973236841967	3.08862299246764	8.93996718623699
"SPRYD7__neg"	2.52161364970834	3.06924800136036	5.95590014607742
"ST20.MTHFS__neg"	3.02939533879571	1.6276755371076	7.97002587502917
"ST8SIA5__neg"	4.33109662177431	1.65712858458838	6.98367240548848
"STX3__neg"	0.823678754155472	4.39723299482171	6.21976782865381
"SYNDIG1L__neg"	3.38521125828425	0.649321980410847	8.45175692297761
"SYNM__neg"	4.34286009187777	2.22044604925031e-16	8.51703203508553
"TBC1D2__neg"	0.0641710915121408	9.21288178320697	4.09448014101263
"TFDP3__neg"	0.00427451103534612	5.3862954286859	7.77537220601548
"TJP2__neg"	2.09598080524073	2.02499482618091	7.5047046376525
"TMEM126B__neg"	3.93389620745723	4.9696402346331	1.70323190262217
"TMEM130__neg"	5.17562482039846	0.709424474362582	7.39838983451867
"TMEM266__neg"	2.97571473445996	2.22044604925031e-16	8.73922038695258
"TRPA1__neg"	0.252701898665273	1.98980676276592	9.96929892998888
"TSLP__neg"	1.79618965419862	2.78222755558402	8.12475207925961
"TUSC5__neg"	5.30033240022937	3.63668931145819e-15	7.74856861653209
"VMP1__neg"	5.09662802519066	4.58714368541891	2.91230783262579
"WDR93__neg"	5.29453675897791	2.22044604925031e-16	7.27764328492276
"WISP2__neg"	0.459148581642389	7.8764986275355	5.04773829060654
"XXbac.BPG181M17.5__neg"	2.22044604925031e-16	6.18938444282895	6.60760243464677
"ZBTB25__neg"	2.22044604925031e-16	4.2125269015032	7.87009292009293
"ZNF804A__neg"	2.22044604925031e-16	2.30123176273413e-05	12.5956641496146
"ABCC11__neg"	2.76169853464869	2.22044604925031e-16	9.77396657934367
"ABR__neg"	2.22044604925031e-16	0.898812051297401	10.152572048671
"AC009758.1__neg"	2.22044604925031e-16	4.87269506262147	7.4386078584023
"AC015688.3__neg"	2.82950522098595	2.83826749286874	7.46371264895949
"AC087392.1__neg"	2.22044604925031e-16	4.89562131622814	8.2319171308808
"ACAT1__neg"	4.34002879463569	3.80917886455318	4.62582483951235
"ACCSL__neg"	1.47882172955187	5.11541309487204	6.60444084489113
"ADAMTS6__neg"	2.22044604925031e-16	2.72609926225355	9.59676149190922
"ADH4__neg"	3.33456778384109	2.05164273263456	7.41875704580889
"ADHFE1__neg"	4.36460949685133	2.22044604925031e-16	8.47103207892305
"AIFM2__neg"	6.36338346748815	3.95128761865801	2.94401928594344
"ALDH4A1__neg"	4.17854410281635	2.80581890404084	6.57252553996177
"AMOTL2__neg"	2.43001360420411	1.42064091875817	8.85280776945356
"ANKRD29__neg"	0.886254008447545	2.36650374087413	9.06708320098215
"ANKRD30B__neg"	3.00893708830582	1.221261911825	8.69084600878829
"AP000769.1__neg"	4.97664084029454	0.684489130540904	6.36290017849798
"APEX1__neg"	1.34754572595061	4.05993259050989	5.91493195220666
"ARMC8__neg"	2.22044604925031e-16	2.22044604925031e-16	11.2871568032116
"ASAH1__neg"	3.87706093300202	0.755391319690033	6.0301440450685
"ATP5S__neg"	1.1255013134613	3.15253986760183	6.173792396073
"ATPAF1__neg"	2.87548286497618e-12	2.33253470708437	9.56551207784089
"AXL__neg"	2.22044604925031e-16	7.46467818598568	2.34072104819516
"BTG4__neg"	2.22044604925031e-16	4.33159124283227	8.42861094390999
"CAPSL__neg"	2.22044604925031e-16	5.94727112022139	6.8697495681759
"CAV1__neg"	0.761343420233894	5.89113070028894	6.1550704503064
"CCR3__neg"	1.74463895472109	4.48587960773962	6.65360700365092
"CD1B__neg"	1.97213518514292	4.33881626579011	6.60141953627447
"CDKL1__neg"	2.57195964205204	9.09490631121577e-05	9.98010758119763
"CERS3__neg"	3.4498008524245	0.267068386660484	8.07495113581209
"CIDEA__neg"	5.95755439775833	1.7356239806637	5.87799755062092
"CLIP4__neg"	0.292139317338192	1.60830004700273	9.4590504781643
"CORO7.PAM16__neg"	3.53861855116274	5.93586818432317	3.50886621264661
"CPEB4__neg"	1.25087912259694	3.46421290250616e-09	9.91870810252131
"CTD.3148I10.9__neg"	0.24328957119596	4.32516158456476	8.37442420159822
"CTD.3214H19.4__neg"	0.929104292543561	4.28243532899887	7.4277962090397
"DMKN__neg"	8.15306806195312	1.51229625272114	3.4989273416536
"DTNA__neg"	1.59033517698331	2.86346784573495	7.99068749546472
"EMC3__neg"	2.22044604925031e-16	2.39538857180027	8.23670187736806
"ERICH1__neg"	1.18601070981876	0.801742469811893	10.2498534234772
"ERV3.1__neg"	3.24208311930954	0.607431643075161	8.92855800231405
"FAM189A2__neg"	5.10126079901382	2.22044604925031e-16	7.48732132676263
"FBP2__neg"	4.77977940344589	1.59285679272137	6.96691639067682
"FBXL13__neg"	1.30018128110218	2.29980442570689	9.14156843222317
"FBXO25__neg"	5.38682081009188	1.6715786157956	2.94482555633436
"FCER1A__neg"	3.71948791860079	2.22044604925031e-16	8.04690964880032
"FN3K__neg"	3.12178669173501	2.22044604925031e-16	7.88484492700056
"FP325331.1__neg"	1.29955768611325	5.31397589050614	6.38171668639543
"FST__neg"	4.76300126555747	1.92080795729079	6.71829689309522
"GABRP__neg"	0.595868307373075	1.41514680584183	10.4566799254589
"GJB3__neg"	1.21325218361248	3.54007912361729	7.99066746743106
"GPAT3__neg"	2.31335920384223	0.530745810844892	9.45700036492993
"GPCPD1__neg"	5.57346882016368	6.91488182354322	0.414865914091338
"GPR143__neg"	5.46412847210501	1.60824895008493	6.3679152611501
"GPR52__neg"	2.22044604925031e-16	2.20724552418671	10.4643867266933
"GYPA__neg"	2.3229857272329	2.22044604925031e-16	10.4612764853666
"HIST1H4F__neg"	0.87120763715657	4.5872995657198	8.32791399124588
"HOGA1__neg"	1.72044998523235	2.22044604925031e-16	9.96890078461572
"HRH2__neg"	2.34857284192521	2.46663389657333	8.0491554247691
"HTR1D__neg"	2.8084551554619	1.30493515965531e-08	9.78325400072471
"HTR2B__neg"	4.21800176723491	2.37848859917613	6.49456328592347
"HTRA4__neg"	2.03885124912314	0.483189036592711	8.98182738546126
"IL13__neg"	4.18901027796282	0.958545202338936	8.29301160869977
"IL18RAP__neg"	3.22630245777328	3.17034386217789	6.63592053144174
"IL1RL1__neg"	0.288665677076065	6.18615612669502	6.65896989518671
"IL36A__neg"	2.22044604925031e-16	5.78607048770268	7.26930513043208
"ITLN1__neg"	0.52892340166186	5.33205037905432	6.96735349028359
"KCNIP2__neg"	2.61403737761888	2.22044604925031e-16	9.38963677469269
"KCNQ4__neg"	5.90453283032028	0.747875248603965	6.66839379114848
"KIR2DL1__neg"	0.974977662119529	5.45172970901364	6.47274501279319
"KLHL10__neg"	3.46718855301688	2.22044604925031e-16	9.00468070948393
"KLHL21__neg"	2.22044604925031e-16	3.54862560133891	8.69558061747199
"KRT7__neg"	0.110855228376889	3.26394200046571	7.57803128909594
"KRTAP1.5__neg"	2.22044604925031e-16	9.42979264604418	4.30218429934695
"KRTAP12.3__neg"	2.22044604925031e-16	4.94869199861947	8.17832150636421
"KRTAP3.1__neg"	2.22044604925031e-16	5.70402000745623	7.49965974072729
"LIPC__neg"	2.45565198698676	3.84135014768006	6.11719819243446
"LMO7__neg"	2.22044604925031e-16	2.98421689529311	9.66336739113392
"LMOD1__neg"	6.50715064495218	2.22044604925031e-16	5.59642211778512
"MDH1__neg"	1.39657204079029	5.13232856526843	5.91574829953877
"ME3__neg"	2.103095754541	3.39501057031498	6.81613538999822
"MET__neg"	0.157637381959888	2.92261663634255	8.93175019056602
"METTL17__neg"	1.51517928494698	1.09196001914063	9.50924900354882
"MLPH__neg"	1.87201170937844	6.08150593782018	5.06760706472671
"MME__neg"	0.478508039138014	6.41135939889701	6.03867826921339
"MTRNR2L1__neg"	5.11906173022416	2.5353550669933	6.40209916581849
"MYH3__neg"	3.21940217950359	2.43076516514384	7.47390785805387
"MYL9__neg"	5.39307316666379	5.82002372739792	2.07055206316348
"NCEH1__neg"	2.21847682772308	5.03828325433515	4.39285631300788
"NEDD8.MDP1__neg"	1.24298795920036	2.95071326012352	7.76557934311018
"NLRP10__neg"	2.22044604925031e-16	6.51139330121111	6.6201236899691
"NMNAT2__neg"	1.45385927279623	3.01371122143351	8.51852674149746
"NXNL1__neg"	3.59621596722863	2.22044604925031e-16	8.67816618707475
"OMG__neg"	3.88192655035935	3.64781730012112	5.86830977960136
"OR2A2__neg"	0.918672429011065	4.76165365066016	7.45113280801376
"OR4N2__neg"	0.484448627655249	5.18878070495717	7.43220748021801
"PBLD__neg"	3.28138325023219	0.995557069964923	8.43323373860924
"PCCB__neg"	0.160090540218643	7.85434313191839	4.26081926009702
"PDCL2__neg"	0.395047834582299	5.10180966080478	7.66803208573368
"PDK1__neg"	2.65346498079912	1.94621440238007	8.11554720291245
"PIP5K1B__neg"	5.41945591088641	2.22044604925031e-16	7.82755975494877
"PLIN1__neg"	6.37476440019176	7.74729086977185e-06	7.13433676834074
"PNPLA7__neg"	6.66299516014431	2.22044604925031e-16	4.17639698723371
"PPARGC1A__neg"	3.37013680120855	2.22044604925031e-16	8.64202985138021
"PPP1R12B__neg"	2.4425702970287	0.0884754641512614	8.81669448261899
"PPP1R3B__neg"	3.34557269377067	0.161760955567161	8.08925759829234
"PRELP__neg"	6.19769927570358	0.959312149109858	6.33916365416523
"PSMA4__neg"	2.22044604925031e-16	5.41122944726255	7.18497357082236
"RAD18__neg"	2.22044604925031e-16	3.21281530719644	9.34817579335895
"RASGRF1__neg"	3.06659040471586	3.02050657447507	6.88187935934268
"RCBTB1__neg"	4.06342143367192	0.377994319849148	7.87100818753948
"RNASE7__neg"	2.11071323147331	2.4081340069128	8.73249927512453
"RNASEK.C17orf49__neg"	5.89752489457884	3.22873584335253	4.33229400375421
"RP11.140L24.4__neg"	2.36392113815401	1.87799541542581	8.4777944134779
"RP11.432B6.3__neg"	2.42378130039764	1.88719110689882	8.49267953524854
"RP11.47I22.4__neg"	2.22044604925031e-16	4.24593744009575	8.98884250844364
"RP11.574K11.31__neg"	3.02583560354104	2.22044604925031e-16	9.5361328914422
"RP4.777O23.3__neg"	3.1719667786527	0.524067558327095	8.76122513889519
"RRAGD__neg"	1.90873049744964	1.7634801782285e-13	9.81565335559289
"RSPO3__neg"	5.9785940365566	1.80168631512888	5.67119382717007
"S100A3__neg"	2.22044604925031e-16	8.85741137343215	4.32619102692207
"SAMD9L__neg"	0.138516521506964	1.93732018409114	9.7257974242039
"SEMG2__neg"	0.140064593755494	4.67163982449609	8.24991629476016
"SERPINI2__neg"	2.50614533824928	2.4528377253738	8.14143128282168
"SLC22A12__neg"	3.4781374426148	1.82973977798464	7.93365968023192
"SLC25A48__neg"	5.13459160116669	0.379772899103004	7.60811059085492
"SMCO3__neg"	5.06943490258584	2.22044604925031e-16	7.40042484205075
"SORBS2__neg"	1.19517887462302	2.65242471300097	8.40779961801586
"SPANXC__neg"	2.22044604925031e-16	7.10389630408189	6.40995006385015
"SPIRE1__neg"	1.55693569142372	3.24244033373879	7.27390265244235
"STAB2__neg"	3.22061818493356	3.20127530205115	6.88732846554935
"STRA6__neg"	4.67620773804983	2.84242181396085	5.71108791091791
"STRIP2__neg"	2.22044604925031e-16	3.63943837047023	9.18906565001753
"STS__neg"	1.70573175947512	1.16903740017074	9.05933668871472
"TACC1__neg"	4.57716625045634	4.76046526975924	3.23701268783889
"TANGO2__neg"	0.742767017474197	2.71441160930707	8.65122667666089
"TBC1D3E__neg"	0.0820603888107341	4.2905846939395	8.77803443721642
"TMEM55B__neg"	2.00658513100481	4.30728548821102	5.27149602384768
"TMIGD1__neg"	0.112999069709264	5.27892092744836	7.75327169602518
"TMOD1__neg"	6.28122874918423	2.29858710149849	5.05617180304015
"TMX2.CTNND1__neg"	2.92637600899461	1.46215480076153	8.5826995936735
"TSPAN10__neg"	5.79860908647377	0.389582022096958	7.21040602621943
"TTC39A__neg"	3.47368033489511	3.02210917805933	6.77337076034547
"TXNRD1__neg"	0.61073466716871	1.73138044734181	10.1294940306625
"TYRP1__neg"	3.8094060778704	1.78708329712078	7.48453852261824
"VSX1__neg"	3.98283347456536	8.83118632782631e-05	9.13998770693394
"ZMAT1__neg"	1.92309272455055	2.22044604925031e-16	9.88365063127465
"ZNF219__neg"	2.04319616369266	1.7292648285327	9.26345651325654
"ZNF655__neg"	2.22044604925031e-16	2.22044604925031e-16	11.8011445923034
"ZNF705G__neg"	0.164306053182876	4.1915912926262	8.20932942693114
"ZSCAN4__neg"	4.16314577853369	0.629163894166136	8.14363287002752
"ZZZ3__neg"	2.22044604925031e-16	1.93268091775904	9.98113511241403
