"IS01"	"IS02"	"IS03"
"AC018755.18__pos"	5.49105162631727	0.317325715262221	3.88616444736589
"ADAM29__pos"	4.19474920245736	4.44355202937824	0.8979103815606
"ADGRG5__pos"	8.02589948337449	2.22044604925031e-16	1.12566128842771
"AMPD3__pos"	5.98713959429329	0.604405835499105	2.03689721961831
"ANO9__pos"	7.62697468113306	1.8115076282288	2.22044604925031e-16
"APOBEC3G__pos"	7.30129101382976	1.09149007238473	1.21727940869483
"ARHGAP15__pos"	6.04217898993362	2.22044604925031e-16	3.71184558300522
"ARHGAP25__pos"	7.37663204773242	0.17047687893212	1.83677158860508
"ARL11__pos"	6.73161924324006	2.22044604925031e-16	2.88332319487618
"ATP2A3__pos"	6.82237783898285	2.54246322322386	2.22044604925031e-16
"BFSP2__pos"	6.26838883270134	0.50418047709304	3.34963552397394
"BLK__pos"	7.2368213094698	1.71071723668973	0.778804784522507
"C11orf21__pos"	8.29035175728313	0.853024545657424	2.22044604925031e-16
"C1orf228__pos"	6.77245459134573	2.25364680484779	0.5952001923847
"CCR4__pos"	7.13677727686956	0.818025625937217	0.704247063193151
"CCR6__pos"	7.57601237724651	0.797321043395207	0.211640903798343
"CD180__pos"	3.4400960195824	2.22044604925031e-16	6.14314996639663
"CD1C__pos"	7.5105963571101	0.0468430740497616	1.6828030959076
"CD226__pos"	8.43772331056957	0.53038512532994	2.22044604925031e-16
"CD38__pos"	8.88387966115327	2.22044604925031e-16	0.258709320045513
"CD3E__pos"	9.1257996962136	2.22044604925031e-16	2.22044604925031e-16
"CD3G__pos"	8.70614449787396	2.22044604925031e-16	2.22044604925031e-16
"CD5__pos"	8.24089031164557	2.22044604925031e-16	0.432650817131497
"CD53__pos"	8.01089201993982	2.22044604925031e-16	1.21091220931967
"CD69__pos"	7.91158120044297	2.22044604925031e-16	1.11403875271209
"CD79B__pos"	6.14372572782684	2.24646911735636	0.88250367826019
"CD83__pos"	5.42725992751915	4.27386479617868	2.22044604925031e-16
"CLEC17A__pos"	7.64477892292639	1.52744887398614	0.000953821262310764
"CLECL1__pos"	7.49695897213763	2.22044604925031e-16	1.84970695060303
"CLLU1__pos"	3.39124389689192	6.22117756617404	2.22044604925031e-16
"CNR2__pos"	7.53753803943353	1.71777600637453	2.22044604925031e-16
"CORO1A__pos"	6.56988137299797	2.22044604925031e-16	2.98026321441738
"CPNE5__pos"	5.89794233501909	3.31731040616308	5.05374600056352e-14
"CR2__pos"	5.4242600026852	3.68304056927655	0.477939423115846
"CRIP3__pos"	3.43224262297995	6.3082871492113	2.22044604925031e-16
"CRLF3__pos"	4.14394121080075	4.17064504509849	0.768721160798529
"CSTA__pos"	5.62559253398756	0.377720397745887	3.88649343011777
"CTD.2545M3.6__pos"	5.09845477986727	4.40418503106112	0.656199691724008
"CXCL14__pos"	4.80863697865177	4.7161985138184	2.22044604925031e-16
"DENND2D__pos"	8.3862035209283	0.302733391032994	0.949001171865882
"DOCK10__pos"	5.63049209357642	3.00131592091713	0.515372820763877
"DOCK8__pos"	0.00942802599125422	7.47109304160146	2.54138829205325
"DPEP2__pos"	5.56699844934701	2.13192767520856	0.876663462162824
"ENPP7__pos"	4.30874009309865	2.41815960197426	3.11460406862034
"EPHA10__pos"	4.72329330900773	4.81726010093443	2.22044604925031e-16
"EXOC3L4__pos"	5.25432339173166	3.13953413685556	1.1645673082869
"FAM129C__pos"	6.81422259051279	2.63635864382627	2.22044604925031e-16
"FAM159A__pos"	6.64499083540201	2.55196609848925	2.22044604925031e-16
"FAM46C__pos"	5.43899059818099	3.9291815955853	2.22044604925031e-16
"FAM65B__pos"	4.88649702070879	2.95822159210834	1.71161055721918
"FCRL2__pos"	7.38926724600784	1.74770906215462	2.22044604925031e-16
"FCRL4__pos"	6.8928204171817	1.67138302566329	1.29210365942991
"FGD2__pos"	0.225755597548631	9.04957007619605	2.22044604925031e-16
"FLT3__pos"	9.14814550439357	2.22044604925031e-16	2.22044604925031e-16
"FUT7__pos"	6.31157165792881	0.437928670442727	2.36545998072485
"GCSAM__pos"	7.50519917224765	1.89536542699107	2.22044604925031e-16
"GIMAP6__pos"	1.18899812107676	6.96007437220138	0.956758157408828
"GPR55__pos"	7.34798533945334	0.706360926333062	1.36495622103807
"HCLS1__pos"	6.95251616554597	2.22044604925031e-16	2.56260166653986
"HEMGN__pos"	6.68821026602063	1.8599460466464	0.671977917824694
"ICAM3__pos"	0.818715061960438	8.13645769263997	0.414710509402797
"IFNAR2__pos"	5.08763762224566	1.19718966244354	2.89297184986217
"IFNLR1__pos"	5.73855224885763	3.69159055512984	2.22044604925031e-16
"IL16__pos"	7.31630856205002	2.22044604925031e-16	2.01877352718131
"IL21__pos"	6.85584081332685	1.50068491541177	1.24626442469847
"IL2RG__pos"	9.04601587684154	2.22044604925031e-16	0.0983771255366018
"IL7R__pos"	7.45435776703627	2.22044604925031e-16	2.05998983768323
"IL9R__pos"	6.64268265559259	2.32431865352418	0.725809596749829
"IPCEF1__pos"	7.86894409952354	1.39980075644671	3.54962617153417e-07
"IRF4__pos"	6.63150228242237	2.26846058371673	0.965551749448476
"ITGAL__pos"	8.65945873678801	0.363740582045636	0.0391141994547234
"ITK__pos"	8.91276612418416	0.277730531227185	2.22044604925031e-16
"ITSN2__pos"	0.072287492758374	2.59385647614118	7.18436043904019
"KBTBD8__pos"	4.04772081353971	3.01984916209294	2.67291991167238
"KIAA0226L__pos"	5.15320473910892	0.121410997633673	4.59166880292468
"LCK__pos"	8.71715589067877	2.22044604925031e-16	0.405323328879557
"LCN8__pos"	3.76268248859623	2.35901303124657	4.28032666758107
"LGALS9B__pos"	5.86133593132882	2.09150248295965	1.77299337823703
"LILRB1__pos"	2.00959713593363	0.136168343663006	6.88247243990937
"LRMP__pos"	6.81583477980999	2.22044604925031e-16	2.55322216582854
"LTF__pos"	6.59800665552561	0.441389386612795	2.31401172061512
"LY75__pos"	7.88760707779339	1.2469420749997	2.22044604925031e-16
"MDS2__pos"	6.4534468050477	3.14055994626993	0.26440211429443
"NCF1__pos"	7.77251542619073	2.22044604925031e-16	1.4877063015037
"NCKAP1L__pos"	5.8150792432386	2.22044604925031e-16	3.24004468589224
"NCR3__pos"	7.54958966807037	2.22044604925031e-16	1.85295159789561
"NPHS1__pos"	2.72604942532032	6.51739467272373	0.224384364053337
"NUAK2__pos"	5.58448780825873	2.52635673735577	1.57614618471129
"NUP210__pos"	7.16551175355763	2.25893616850717	2.22044604925031e-16
"P2RY10__pos"	6.94159975317736	3.75985293416301e-06	1.9538735477558
"P2RY8__pos"	6.30553503437131	2.22044604925031e-16	3.4243274231036
"PACSIN1__pos"	6.43726361136991	2.89107222288112	2.22044604925031e-16
"PAX5__pos"	7.03836110767555	2.58070523879846	2.22044604925031e-16
"PKHD1L1__pos"	7.29189138113317	1.94391738858732	0.234288063301583
"PLCG2__pos"	7.81139086725125	0.431456562619145	1.03593308375833
"PLD4__pos"	6.88900672763865	2.20104196638993	2.22044604925031e-16
"PRKCB__pos"	8.45258502474668	0.167970059228936	0.438517477731006
"PTK2B__pos"	8.00917540732823	0.449141586759913	0.551416064937526
"PTPRCAP__pos"	9.13910234885116	0.0329409380711309	2.22044604925031e-16
"PVRIG__pos"	8.4783023375186	0.491625225777833	2.22044604925031e-16
"RASAL1__pos"	5.28390061005274	3.37455855752398	0.926500260582071
"RASAL3__pos"	7.25702601125676	3.48031386039281e-08	2.23136846962872
"RASGRP2__pos"	5.89226394535025	3.30163697672492	0.055230287087767
"RBM38__pos"	5.70267405312525	3.88030643731801	2.22044604925031e-16
"RBP5__pos"	6.5653808141319	1.28639444920153	2.08590548031428
"RDX__pos"	3.4547975800789	5.99593632003632	0.130522387175184
"RHOF__pos"	6.69230530709492	2.8385890958392	0.000138214775272173
"RHOH__pos"	7.45591959059248	2.22044604925031e-16	1.64684551615971
"RP11.330H6.5__pos"	5.17782893120234	1.45163301349593	2.8373982131177
"RPS6KA1__pos"	3.6549098581876	1.08930431611408	4.24202096561505
"S1PR4__pos"	7.83547657714418	2.22044604925031e-16	1.31666274693229
"SASH3__pos"	5.95031239317032	2.22044604925031e-16	3.75864751789359
"SCML4__pos"	9.22977433830147	2.22044604925031e-16	2.22044604925031e-16
"SELP__pos"	6.19984685965285	1.19220983037804	2.67802161305594
"SEMA4D__pos"	7.12834913686086	2.24025720600862	2.22044604925031e-16
"SEPT1__pos"	7.98731264780917	0.675259765457437	0.575655794920274
"SERPINB9__pos"	7.62427049488487	0.745889467250387	0.643180001533263
"SHISA8__pos"	4.35989050265824	5.54504505660412	3.17170388673644e-13
"SIGLEC5__pos"	4.04151737136326	2.22044604925031e-16	5.36157437008196
"SLAMF6__pos"	8.11348638859265	2.22044604925031e-16	1.18260828053994
"SLC12A3__pos"	7.76607866111656	1.3107522400045	2.22044604925031e-16
"SLC5A10__pos"	5.86694050116316	2.1321767038726	1.15819222893181
"SNX20__pos"	6.69607001610918	2.22044604925031e-16	3.11292399517424
"SNX22__pos"	5.57058662487381	3.80645595955967	2.22044604925031e-16
"SPATA19__pos"	2.02919617522617	2.22044604925031e-16	2.44145933103412
"SPIB__pos"	6.82601523673109	2.01059717587489	2.22044604925031e-16
"SPNS3__pos"	7.72615366179501	0.666342230436005	1.04195188099697
"ST6GAL1__pos"	5.29277872289365	2.0776776679214	1.87650826603321
"STAP1__pos"	8.18235166207774	2.22044604925031e-16	0.968542876039441
"STAT4__pos"	7.84994320612615	2.22044604925031e-16	1.29389884411337
"SUSD3__pos"	6.96697219527743	0.111837229034784	2.56342553879005
"SYK__pos"	4.97855930448277	0.0187695549647076	2.9549396579345
"SYTL1__pos"	6.8261274331401	2.65069040618242	2.22044604925031e-16
"TBC1D10C__pos"	8.8120385930535	0.148696082408124	2.22044604925031e-16
"TCF7__pos"	4.22756112444756	4.39537737885702	1.15875299503384
"TCL1A__pos"	8.22068205521116	0.561453778626198	0.344788145748092
"TIGIT__pos"	8.84360591398597	2.22044604925031e-16	0.0958135714142803
"TLR10__pos"	8.1562692925229	0.114220523181602	1.10163562852995
"TLR9__pos"	5.21583416179987	3.26641936631286	0.817468813960386
"TMC6__pos"	2.22044604925031e-16	6.1274529088987	3.9396963790781
"TMC8__pos"	6.17273359743653	2.22044604925031e-16	3.37000640498717
"TMEM156__pos"	7.57530675223153	0.403311032114054	1.6574625553583
"TMIGD2__pos"	6.95424993008967	0.916833892900906	1.45922986227322
"TNFRSF13C__pos"	4.35346078689177	5.18668906210632	2.22044604925031e-16
"TNFRSF17__pos"	8.03462356379089	0.289585575121774	1.09880199158793
"TREML2__pos"	7.89313161325137	6.74668988862501e-06	1.0687261810403
"TRIM14__pos"	6.46391751538018	0.466590930949377	2.06914787565533
"TTC9__pos"	5.13586760378295	2.80749038150643	1.9041274835739
"UBASH3A__pos"	9.1199025260974	2.22044604925031e-16	2.22044604925031e-16
"VPREB3__pos"	5.49333328747193	3.5343546521491	0.418245278517785
"WDFY4__pos"	6.09792456535498	2.22044604925031e-16	3.38289193905218
"ZBED2__pos"	9.01011887797145	2.22044604925031e-16	0.373503074891328
"ZBP1__pos"	8.75078294922765	2.22044604925031e-16	0.637686423687448
"ZNF831__pos"	8.91130111438378	2.22044604925031e-16	2.22044604925031e-16
"AANAT__pos"	5.07416222487972	3.60204262522465	0.851279517595648
"ACY3__pos"	5.9515279149974	3.30975092161463	5.7615970800901e-05
"ADAMDEC1__pos"	6.50459559583847	2.22044604925031e-16	3.3421486730543
"ARHGAP30__pos"	0.0442871343203534	9.7688758610108	2.22044604925031e-16
"ASCL4__pos"	6.46777104962491	0.828025202793224	2.05886580749
"BANK1__pos"	5.61234897594578	3.71943662300222	0.000356260593478418
"BHLHA15__pos"	5.60684150505511	3.95061237081774	0.0139908761897903
"BIK__pos"	5.98947504764231	3.28354079337936	2.22044604925031e-16
"BIN2__pos"	0.0121691637276696	10.2990205659349	2.22044604925031e-16
"BLNK__pos"	5.54409060204649	0.220170212171632	3.93313427872827
"BTG2__pos"	5.71295922053144	3.04928676678359	0.708242346091644
"C16orf54__pos"	8.01163509860874	2.22044604925031e-16	1.46858367718482
"CARD11__pos"	7.69069771949681	0.327390374620196	1.25803026104629
"CCDC64__pos"	7.3350337340002	1.63132250303335	2.22044604925031e-16
"CCDC88C__pos"	5.45960628190122	3.68456601317012	2.22044604925031e-16
"CCL19__pos"	7.11683478231416	0.345036251908323	1.81740919770126
"CCL22__pos"	8.28054246937516	0.891171208638604	4.58790428186741e-07
"CCR7__pos"	8.90110056206527	0.370845295261213	2.22044604925031e-16
"CD19__pos"	6.85891584701987	1.10151642601323	1.50210797937155
"CD22__pos"	6.85952061614577	1.56262011223593	0.884703854457357
"CD247__pos"	8.98479127069836	2.22044604925031e-16	0.0241085201918893
"CD27__pos"	9.20375522881709	2.22044604925031e-16	2.22044604925031e-16
"CD37__pos"	7.82156621035271	0.510375774071499	1.04451257992508
"CD40LG__pos"	8.98354969472985	2.22044604925031e-16	2.22044604925031e-16
"CD48__pos"	8.78046018832987	2.22044604925031e-16	0.381036367128664
"CD52__pos"	8.42551784754331	2.22044604925031e-16	0.27980893395756
"CD6__pos"	7.6198085464318	1.08774530350544	2.22044604925031e-16
"CD79A__pos"	8.44489525263605	0.435806775683255	2.22044604925031e-16
"CLEC2D__pos"	7.87857055961871	0.935913729724252	2.22044604925031e-16
"CLEC9A__pos"	9.15821915189196	2.22044604925031e-16	2.22044604925031e-16
"CSF2RB__pos"	5.01422805821296	2.22044604925031e-16	4.25431362824927
"CSK__pos"	2.87360954534434	0.471054091965129	5.50641262391442
"CXCL13__pos"	6.97695338154148	0.107892574479984	2.67794887039605
"CXCR5__pos"	3.756779847796	3.9205390566228	1.88266322930401
"CXorf65__pos"	7.9807167100276	2.22044604925031e-16	1.16916847934932
"CYB561A3__pos"	1.8128326632733	3.75044429309653	4.0323372071121
"CYFIP2__pos"	6.64847322904198	2.51468861706358	2.22044604925031e-16
"CYTIP__pos"	6.19550368523551	2.22044604925031e-16	2.4834000089779
"DAPP1__pos"	8.07130200647213	2.22044604925031e-16	1.31944841137789
"DDA1__pos"	3.72022778555317	2.38749241229525	3.60233718484542
"DENND1C__pos"	5.70447064305408	0.343220093886575	3.38496735867072
"FAM151A__pos"	4.91267693761124	4.58522085897464	2.22044604925031e-16
"FAM78A__pos"	6.38778633374257	0.402606107618902	2.05386587325074
"FCAMR__pos"	6.28448494042845	3.02798590065789	0.246984481795782
"FCER2__pos"	4.85197331405585	2.22044604925031e-16	5.18546180846665
"FCHO1__pos"	7.19967253631113	2.27319000653847	1.06370521075535e-14
"FCMR__pos"	7.13495549626842	0.396093227403174	1.51074312002735
"FCRL1__pos"	6.52290542816825	2.62976483850204	2.22044604925031e-16
"FCRL3__pos"	7.57079518158724	1.26974610551395	2.22044604925031e-16
"FCRL5__pos"	8.66734798427129	0.830627791577911	3.01750042017727e-08
"FCRLA__pos"	5.92384141458945	2.22044604925031e-16	3.44475124593
"FDCSP__pos"	4.90184606694636	0.305660684950736	4.3246333259297
"FGD3__pos"	7.25485747039658	2.22044604925031e-16	2.02723695989087
"FNBP1__pos"	1.07493347078277	2.36316731328532	6.03742535496706
"FYB__pos"	0.276963926669733	9.45486846136929	2.22044604925031e-16
"GAPT__pos"	7.03554434957796	2.22044604925031e-16	2.04119787495746
"GAST__pos"	4.20251797657366	2.40634642192566	3.81313245641265
"GMIP__pos"	5.75702330007999	0.545836762723711	3.11543083132398
"GP1BA__pos"	6.312510059342	2.74223791391381	0.49326021308267
"GPA33__pos"	5.59527537298251	0.793579155204662	3.60625397281555
"GPR132__pos"	8.20848754682913	0.370817916247781	0.737485737509808
"GPR18__pos"	7.71715681267349	2.22044604925031e-16	0.911845004853934
"GPR25__pos"	6.62979941002789	1.73968967966207	1.39831187289183
"HIGD2B__pos"	3.37622766388929	0.974753169539688	4.89922329578211
"HLA.DOB__pos"	8.40861612578468	0.240970496790039	0.521285442587898
"HSH2D__pos"	8.72872569472531	2.22044604925031e-16	2.22044604925031e-16
"IGLL1__pos"	5.19522180075747	3.44431768633328	1.28956051653422
"IKZF1__pos"	7.96465175699006	2.22044604925031e-16	1.48178368880125
"IKZF3__pos"	9.09181855746952	2.22044604925031e-16	2.22044604925031e-16
"IL17REL__pos"	5.98408167267825	3.6709383295619	2.22044604925031e-16
"IL24__pos"	6.65231841144686	0.399928315534035	2.03338083267453
"IL27RA__pos"	5.83782754439169	3.67527084361503	0.112309691625991
"IL6R__pos"	0.650013190989072	4.9453508078795	4.62138812723523
"INPP5D__pos"	5.01514379720875	2.22044604925031e-16	4.31336726010412
"IRF5__pos"	7.22856685782377	2.22044604925031e-16	1.93863198203574
"ITGAX__pos"	5.82226549433085	2.22044604925031e-16	4.04827579077946
"IZUMO1R__pos"	5.37588979492683	1.46540438408143	2.73937607255935
"JAK3__pos"	6.89990636072568	1.79916932221045	0.606233095451962
"KCNA3__pos"	7.58087331916881	0.72057606948173	0.735457051132852
"KLHL6__pos"	8.03744913132688	2.22044604925031e-16	1.24451537906332
"KLRG1__pos"	7.45648017195142	0.124881041894285	1.67529485844953
"LAX1__pos"	8.00483048184316	1.09164902059661	2.22044604925031e-16
"LCN10__pos"	5.08539023326438	4.45684973055037	8.98063330676334e-15
"LILRA4__pos"	7.67641156124902	0.137009734026127	1.40493163353595
"LIMD2__pos"	7.4810151919528	0.625533546785825	1.00207061604205
"LTA__pos"	9.1782478956304	2.22044604925031e-16	2.22044604925031e-16
"LTB__pos"	8.95200414795737	0.0684890926326672	2.22044604925031e-16
"LY9__pos"	8.78146460744433	2.22044604925031e-16	0.0638420433820458
"MAP4K1__pos"	8.6129522549558	0.336251670018491	0.0694120909700499
"MAT1A__pos"	5.55724389664453	1.61279049027332	2.45186750878501
"MC5R__pos"	4.94517946976225	4.59813664079386	0.0936750093803502
"MCOLN2__pos"	8.24647221321096	0.65720740603901	0.441130318499042
"MEF2B__pos"	6.01690673215871	1.96558584348583	1.68396098354118
"MFNG__pos"	1.62443780392525	0.827639855653047	6.6723940954671
"MGAT3__pos"	3.94954160483288	5.88481974342997	0.000131575235394525
"MOB3A__pos"	2.27081366475929	2.78802899297178	4.03705471498318
"MS4A1__pos"	9.29060592686069	0.0447412579838311	1.02766228889849e-05
"MZB1__pos"	8.38824867746608	0.290415993882954	0.567416577735914
"NBEAL2__pos"	8.01423705191411	0.600354433097833	2.22044604925031e-16
"NCCRP1__pos"	5.78417759657762	3.74534099023975	2.22044604925031e-16
"NEK8__pos"	1.46440902392237	0.63956009454751	7.77871650072087
"NLRC3__pos"	8.15661472518901	0.442689084862271	0.110193896409829
"NLRP4__pos"	6.45015771827347	1.5195485383654	1.91074643425382
"NUGGC__pos"	7.68764884294476	1.83335389144376	2.22044604925031e-16
"OCM__pos"	5.3970897812042	2.02459506127294	2.14501370184666
"OR7D4__pos"	3.27865792832854	2.4976333656361	4.71599522292944
"P2RX5__pos"	7.21961913839163	2.36369890469519	2.22044604925031e-16
"PARP15__pos"	7.86818129815649	2.22044604925031e-16	1.45737566950709
"PASK__pos"	5.5350824226025	3.87449607260605	2.22044604925031e-16
"PCED1B__pos"	8.11075544142947	2.22044604925031e-16	0.883899990395222
"PDCD4__pos"	3.57155252174538	1.67000770859719	3.41364259599997
"PIM2__pos"	8.14157240682333	0.814976592007558	2.22044604925031e-16
"PLA2G2D__pos"	8.5301895812702	2.22044604925031e-16	1.35516733925807
"PNOC__pos"	6.8754196103637	2.78783957838149	2.22044604925031e-16
"POU2AF1__pos"	8.56476921399791	0.76406241495937	4.9524703009655e-08
"POU2F2__pos"	5.61810486502874	2.06200718735626e-11	4.28546334576316
"PRKCQ__pos"	8.62752862910853	0.55064587901604	2.22044604925031e-16
"PSD4__pos"	7.51713275011852	1.80934956322497	2.22044604925031e-16
"PTPN7__pos"	8.21133180258765	2.22044604925031e-16	1.03207013491647
"PTPRC__pos"	7.1292845873196	2.22044604925031e-16	2.59242249994241
"PYHIN1__pos"	8.70748412807714	3.24192132899206e-15	0.513479290827004
"RAB39B__pos"	5.29503999695662	4.49448744856832	2.22044604925031e-16
"RASGRP1__pos"	7.65725991217582	0.893277438997947	0.645227581238216
"RLTPR__pos"	8.31201680541962	1.03411082792743	2.22044604925031e-16
"RPS4Y2__pos"	2.99421130661441	3.40624049091717	3.92991785839088
"SCIMP__pos"	0.297402987729693	8.66378349576065	0.471027988669314
"SEC11C__pos"	3.40000019919577	2.74126254052165	2.47262148330544
"SEL1L3__pos"	5.49422989524223	3.66248890539351	0.202864912332469
"SELL__pos"	8.46043180597858	0.15147409309754	0.469417895153848
"SELPLG__pos"	4.38952978744655	2.22044604925031e-16	4.75507673195338
"SERPINA9__pos"	5.10530205723482	3.79365204273605	0.98842298759164
"SIDT1__pos"	5.45340555309029	2.45661103621915	1.63086489903564
"SIGLEC10__pos"	0.506716316905526	6.12105642118099	2.55710638514081
"SIT1__pos"	9.07010861015265	8.6439648769785e-16	0.0276237991571034
"SLAMF1__pos"	8.69542510226982	2.22044604925031e-16	0.762118308833275
"SLC16A4__pos"	4.71070775154796	4.51830949169965	0.398498043433769
"SLFN14__pos"	8.22522858211342	0.949134945074854	0.270666066221477
"SORL1__pos"	6.07530771798949	2.19652966282228	0.812965595465219
"SP140__pos"	7.08473295659491	2.22044604925031e-16	2.18283789698078
"SPN__pos"	9.01948183685256	2.22044604925031e-16	0.137773081581889
"SPNS2__pos"	4.05324727258114	1.92655377806617	3.19834217612124
"STK4__pos"	1.9564370245654	2.85753551406261	4.2262410530106
"STX16.NPEPL1__pos"	4.42066481413308	4.71982531155731	2.22044604925031e-16
"SYNGR2__pos"	6.88046116235674	0.0944508567239877	1.95272029545114
"TBX21__pos"	7.67664493764266	2.22044604925031e-16	1.08966875369792
"TCL1B__pos"	4.46465430796506	3.21110177867627	2.22044604925031e-16
"TMEM150C__pos"	3.69673989817812	6.07575256574227	9.77495236548947e-06
"TNF__pos"	5.82958133893004	0.477299259123405	2.98723375992046
"TNFRSF13B__pos"	8.41037053634844	0.552234403917512	0.240378454648296
"TNFSF14__pos"	7.14610734855418	2.22044604925031e-16	2.188957744188
"TPD52__pos"	5.42048879082553	4.09522534885471	0.00780922336649784
"TRAF3IP3__pos"	8.85412112176175	2.22044604925031e-16	0.483681809814095
"TRAT1__pos"	9.0534874267349	2.22044604925031e-16	0.054337862293887
"UGT2B17__pos"	6.69886309994406	1.40461892258122	1.87718277915202
"VAV1__pos"	6.56299409860094	2.22044604925031e-16	2.52309405052436
"ZAP70__pos"	8.24069916175962	2.22044604925031e-16	0.273282754384565
"ZBTB32__pos"	7.46351521608434	1.98252805829654	0.149379701576551
"ZC3H12D__pos"	6.78913703786577	0.364104311407803	2.46658188125366
"AC018755.18__neg"	1.64304993694935	4.07065496381568	4.4394610861731
"ADAM29__neg"	2.31741876504509	1.16247915749434	6.73787385421597
"ADGRG5__neg"	2.22044604925031e-16	7.81285685508343	2.29666633141656
"AMPD3__neg"	0.0957495210879891	5.84389086075157	3.43636710879978
"ANO9__neg"	2.22044604925031e-16	5.16909379926395	5.54393896837916
"APOBEC3G__neg"	2.22044604925031e-16	5.80864875086022	4.88694463580593
"ARHGAP15__neg"	0.14678411029418	8.676531309762	1.37130583182294
"ARHGAP25__neg"	2.22044604925031e-16	7.90191088474974	2.31312781765397
"ARL11__neg"	1.07859145488672	6.7705057805034	2.32707373608662
"ATP2A3__neg"	2.22044604925031e-16	2.27056518611993	8.52767823937704
"BFSP2__neg"	0.151637539286727	4.37557029283661	6.51162263610809
"BLK__neg"	0.0396058243141007	5.22946368690292	5.62863210495937
"C11orf21__neg"	2.22044604925031e-16	5.62879970579252	4.7991349640347
"C1orf228__neg"	0.451680725858122	2.44906267399092	8.00851323510702
"CCR4__neg"	2.22044604925031e-16	6.14635024296297	3.50952363145946
"CCR6__neg"	2.22044604925031e-16	6.01623770973038	3.66607525435717
"CD180__neg"	1.89596266973013	5.74448286536712	1.74728508340313
"CD1C__neg"	0.0369409578002413	6.63941270401013	3.51707356563324
"CD226__neg"	2.22044604925031e-16	5.09281105813325	5.20939889461773
"CD38__neg"	2.22044604925031e-16	8.92329136576142	1.25502021571496
"CD3E__neg"	2.22044604925031e-16	7.73678942782025	2.58095153149902
"CD3G__neg"	2.22044604925031e-16	6.96517342887109	2.91533921035903
"CD5__neg"	2.22044604925031e-16	8.92908634481582	0.646859240820778
"CD53__neg"	0.929075329005614	8.11202695418327	0.91688776381574
"CD69__neg"	2.22044604925031e-16	8.55097337090956	1.34289837150322
"CD79B__neg"	0.115485303532629	6.20916977767799	3.83821147579981
"CD83__neg"	1.49163069032387	0.866065140083339	8.46144650026079
"CLEC17A__neg"	0.110877653120706	2.6029930129781	7.91900062283544
"CLECL1__neg"	2.22044604925031e-16	8.55895867221625	1.56961033284665
"CLLU1__neg"	2.36831483091072	1.44734468272734	6.43553918839785
"CNR2__neg"	2.22044604925031e-16	3.0072712796715	7.68932374424034
"CORO1A__neg"	2.22044604925031e-16	10.0105787173016	2.22044604925031e-16
"CPNE5__neg"	0.966671402299903	1.50855022189434	7.92048501675943
"CR2__neg"	1.67066663877205	2.44569332002763	6.35493210203784
"CRIP3__neg"	2.77035994684972	0.199640944256633	7.45427331022824
"CRLF3__neg"	1.34785697451585	1.38387048642824	7.17862852044852
"CSTA__neg"	0.669890025112691	9.31061506707442	0.132861563816066
"CTD.2545M3.6__neg"	2.81835609738286	2.70830441884581	5.25496694119012
"CXCL14__neg"	2.21054222672456	1.94773051362181	6.15108035432187
"DENND2D__neg"	2.22044604925031e-16	8.80972275525154	1.79843165210594
"DOCK10__neg"	0.591486755135917	4.27834218867256	5.20371743721609
"DOCK8__neg"	6.7247739945829	2.22044604925031e-16	2.57924114148474
"DPEP2__neg"	1.67093977159993	0.973051957715608	6.84004655673429
"ENPP7__neg"	3.20545097193365	2.5929375167668	4.25533027895563
"EPHA10__neg"	1.7650012226399	0.427296000277907	8.35237545484175
"EXOC3L4__neg"	0.528045828758484	2.74184750602376	7.30028245494231
"FAM129C__neg"	0.939432366562929	1.37731776337083	8.4599252473493
"FAM159A__neg"	0.114740065745454	0.747536309059908	9.84499043242319
"FAM46C__neg"	0.29428102962684	2.03312658161427	8.2731182766816
"FAM65B__neg"	0.118889767773884	4.5384744128961	5.74212296565363
"FCRL2__neg"	0.803194176993581	3.26726516533786	6.29068556774
"FCRL4__neg"	1.35736573557614	3.5150487330254	5.96204802223677
"FGD2__neg"	4.90653626153438	2.22044604925031e-16	4.21245838551014
"FLT3__neg"	2.22044604925031e-16	6.52459370016318	3.9286631145197
"FUT7__neg"	0.0611074757834433	9.51799795310422	0.0136477168744752
"GCSAM__neg"	2.22044604925031e-16	3.65009441750353	7.14340934817326
"GIMAP6__neg"	4.22098031344673	2.22044604925031e-16	4.88193324484963
"GPR55__neg"	2.22044604925031e-16	6.47680740452535	3.94334763023299
"HCLS1__neg"	0.163220792503482	6.61891772525032	3.54246083998108
"HEMGN__neg"	1.95924163650129	3.19308599327318	4.92511390431429
"ICAM3__neg"	3.17495931843164	2.22044604925031e-16	6.43691753580251
"IFNAR2__neg"	0.668427361754062	5.73010827930339	3.28604771072071
"IFNLR1__neg"	2.22044604925031e-16	0.350567384645844	10.5639780191992
"IL16__neg"	2.22044604925031e-16	8.47475535971946	1.61245994992162
"IL21__neg"	1.7674770220036	3.7986788890666	4.88176401499881
"IL2RG__neg"	2.22044604925031e-16	8.13544350151857	2.14871231261078
"IL7R__neg"	2.22044604925031e-16	5.99500759400829	4.52205212886614
"IL9R__neg"	0.436566810228326	3.35217290896847	7.09379870285712
"IPCEF1__neg"	2.22044604925031e-16	5.46679256493874	5.06294914251068
"IRF4__neg"	2.22044604925031e-16	5.10734725912896	5.87356959205121
"ITGAL__neg"	2.22044604925031e-16	8.33011533089604	1.80726428050069
"ITK__neg"	2.22044604925031e-16	5.28544643736195	5.29738752057075
"ITSN2__neg"	6.61438435900305	1.40471384689499	0.586730907002622
"KBTBD8__neg"	1.89874696695096	4.86401917434921	3.25641039484423
"KIAA0226L__neg"	1.67458462715863	8.18779078109561	2.22044604925031e-16
"LCK__neg"	2.22044604925031e-16	8.19655275449854	1.99229602209844
"LCN8__neg"	3.31112169405495	3.52153572615217	3.55852089941042
"LGALS9B__neg"	1.15575392245156	4.43588581884589	4.89611008216646
"LILRB1__neg"	3.2251322543662	5.10691467366455	2.22044604925031e-16
"LRMP__neg"	0.4839533874236	5.69343573506005	3.98955680162287
"LTF__neg"	1.19307926932803	5.45907235170076	3.36821275509246
"LY75__neg"	2.22044604925031e-16	5.21288325364977	5.1955662491337
"MDS2__neg"	1.87710715604839	3.17759995394443	5.74555466832777
"NCF1__neg"	0.720003545846902	6.76054385320434	2.6308360826906
"NCKAP1L__neg"	0.363397391287159	7.79404517444793	1.32566483203015
"NCR3__neg"	2.22044604925031e-16	9.00195008255165	1.15369341049968
"NPHS1__neg"	3.08521730930197	0.340646893443941	6.52092563876229
"NUAK2__neg"	2.22044604925031e-16	4.69668993199098	5.94932938230537
"NUP210__neg"	2.22044604925031e-16	2.07793786039456	8.8426409826732
"P2RY10__neg"	2.22044604925031e-16	7.94748467930981	1.66995409883829
"P2RY8__neg"	2.22044604925031e-16	8.11824800483413	2.18691457222585
"PACSIN1__neg"	2.22044604925031e-16	0.638041315752002	10.221572625765
"PAX5__neg"	2.22044604925031e-16	1.61138381215984	9.54814864181051
"PKHD1L1__neg"	0.558968259188892	3.71920388139367	6.42352159300787
"PLCG2__neg"	0.194321748599997	6.12165882055522	4.02641350515012
"PLD4__neg"	2.22044604925031e-16	2.40922725192753	8.084992388607
"PRKCB__neg"	2.22044604925031e-16	9.11814253867827	0.88516833365943
"PTK2B__neg"	2.22044604925031e-16	7.10568901197881	2.96210250304711
"PTPRCAP__neg"	2.22044604925031e-16	8.09144204410773	2.24647994601634
"PVRIG__neg"	2.22044604925031e-16	4.68676004308679	5.65854174008585
"RASAL1__neg"	0.614630419927992	1.11963364326	9.01699225575248
"RASAL3__neg"	0.0823078800840655	8.75933087907254	1.34416135266178
"RASGRP2__neg"	2.22044604925031e-16	4.00345263620798	6.39978248319217
"RBM38__neg"	0.341013088346702	1.88742487458129	8.64037510772489
"RBP5__neg"	0.758657514113934	4.11644306931009	6.0084289259772
"RDX__neg"	3.4370758221148	1.97007942991629	4.53828579808361
"RHOF__neg"	2.22044604925031e-16	3.33183887714377	7.53721097522362
"RHOH__neg"	2.22044604925031e-16	7.59042650221925	2.37249991024547
"RP11.330H6.5__neg"	0.906325424096914	4.67074090991218	4.48372629827182
"RPS6KA1__neg"	1.17308409418858	7.73095745084032	2.22044604925031e-16
"S1PR4__neg"	2.22044604925031e-16	9.15177563561909	0.799094076555596
"SASH3__neg"	2.22044604925031e-16	10.0388960713952	2.22044604925031e-16
"SCML4__neg"	2.22044604925031e-16	6.52412621294712	4.0276604332689
"SELP__neg"	0.568603280215267	5.50298669313384	4.77549198643431
"SEMA4D__neg"	2.22044604925031e-16	3.35731895346277	7.38349874252656
"SEPT1__neg"	2.22044604925031e-16	5.62866484126111	4.81562667950201
"SERPINB9__neg"	0.157660146096362	5.69377567944029	4.2609189264967
"SHISA8__neg"	1.10354400551985	0.620552755352613	9.2943846615224
"SIGLEC5__neg"	1.46355205900609	7.77565017033232	2.22044604925031e-16
"SLAMF6__neg"	2.22044604925031e-16	9.59827873651253	0.513979445540151
"SLC12A3__neg"	2.22044604925031e-16	3.23826335698799	7.26991417476494
"SLC5A10__neg"	1.04483194306231	3.52659139900175	5.45694266878631
"SNX20__neg"	2.22044604925031e-16	10.272072986809	2.22044604925031e-16
"SNX22__neg"	2.22044604925031e-16	0.196626670341315	10.6542000922344
"SPATA19__neg"	1.45898631486211	1.3486757010975	1.65998426978368
"SPIB__neg"	2.22044604925031e-16	1.66695720806443	8.61023346692394
"SPNS3__neg"	2.22044604925031e-16	5.97844829027494	4.57600208753221
"ST6GAL1__neg"	0.127113387958186	5.73148551705355	4.12804471680368
"STAP1__neg"	2.22044604925031e-16	7.26156307837132	2.9289761836564
"STAT4__neg"	2.22044604925031e-16	8.50534820152878	1.49810113121697
"SUSD3__neg"	2.22044604925031e-16	10.0671984704284	0.122428245705357
"SYK__neg"	0.153933313450433	8.07346818250868	2.22044604925031e-16
"SYTL1__neg"	2.22044604925031e-16	3.64865200617461	7.14862380430893
"TBC1D10C__neg"	2.22044604925031e-16	7.86237070998589	2.22757286223308
"TCF7__neg"	5.84091624843965e-11	1.31931815981979	9.61097670970817
"TCL1A__neg"	2.22044604925031e-16	3.64555885658246	6.90302721778729
"TIGIT__neg"	2.22044604925031e-16	7.17535582623785	2.94799995208333
"TLR10__neg"	2.22044604925031e-16	5.59317072324834	4.97284957448033
"TLR9__neg"	1.74527314564643	1.43379902474546	7.00155447808167
"TMC6__neg"	5.92884296082482	1.1967036421391	2.15865455999618
"TMC8__neg"	2.22044604925031e-16	9.92849993750533	2.22044604925031e-16
"TMEM156__neg"	2.22044604925031e-16	6.049448393563	4.6455662678739
"TMIGD2__neg"	0.145921729423452	5.73959736724287	4.41905672853288
"TNFRSF13C__neg"	0.171968941140646	0.311212474343676	10.3571988374428
"TNFRSF17__neg"	0.0332242620247663	4.45014793841245	6.21961247957112
"TREML2__neg"	2.22044604925031e-16	7.04299860195673	2.91835042578392
"TRIM14__neg"	2.22044604925031e-16	5.45945207570744	4.42810122273658
"TTC9__neg"	0.208727132789341	2.15036879959125	8.56485850615133
"UBASH3A__neg"	2.22044604925031e-16	8.10911455513798	2.16816870796967
"VPREB3__neg"	0.612206469195509	1.49590436225138	8.52848908975294
"WDFY4__neg"	2.22044604925031e-16	9.85748534545074	2.22044604925031e-16
"ZBED2__neg"	2.22044604925031e-16	6.98971600056699	3.62885730834695
"ZBP1__neg"	2.22044604925031e-16	8.90392183275018	1.49451572404889
"ZNF831__neg"	2.22044604925031e-16	8.02940294209739	2.00333397214003
"AANAT__neg"	1.44173621833591	1.66226578264904	7.34741341171781
"ACY3__neg"	2.22044604925031e-16	3.29165547272719	7.20049459009731
"ADAMDEC1__neg"	2.22044604925031e-16	9.01629827013601	1.36643646254747
"ARHGAP30__neg"	3.68788217426738	2.22044604925031e-16	6.24757939919664
"ASCL4__neg"	1.84346758972412	3.53619102265124	4.68755714452916
"BANK1__neg"	0.592075289608683	3.54658304382205	6.24582037714578
"BHLHA15__neg"	0.483202608202393	1.01361324915015	9.39584968390808
"BIK__neg"	0.41234575238004	1.78063769097282	8.36648784073316
"BIN2__neg"	5.25658915194339	2.22044604925031e-16	4.89374996817473
"BLNK__neg"	0.0828257966245209	9.67092515871339	0.225244694301339
"BTG2__neg"	0.866981542894849	3.11373612505143	6.48485844082511
"C16orf54__neg"	2.22044604925031e-16	10.0157943473397	0.222162712663408
"CARD11__neg"	2.22044604925031e-16	8.04953002589635	2.12344409986015
"CCDC64__neg"	2.22044604925031e-16	3.19693121166454	7.14415538611384
"CCDC88C__neg"	2.22044604925031e-16	1.19167068350676	9.30334060113048
"CCL19__neg"	2.22044604925031e-16	8.70965056180651	1.29042814519296
"CCL22__neg"	2.22044604925031e-16	5.5755219801303	4.88691183305511
"CCR7__neg"	2.22044604925031e-16	7.10663336886015	3.40048767283642
"CD19__neg"	0.284120419666751	7.06483506954911	2.93747513273784
"CD22__neg"	0.741632646370645	3.56686078415202	6.0824189902943
"CD247__neg"	2.22044604925031e-16	8.63019607632443	1.46151534554637
"CD27__neg"	2.22044604925031e-16	6.70203675267882	3.80242465978419
"CD37__neg"	2.22044604925031e-16	9.91546016125455	0.234167453609381
"CD40LG__neg"	0.0350754520201601	8.28856305398079	1.76581612918185
"CD48__neg"	2.22044604925031e-16	9.76708978538294	0.333205666020742
"CD52__neg"	2.22044604925031e-16	9.40007899909331	0.203605650127704
"CD6__neg"	2.22044604925031e-16	5.27840391837081	4.62761681204293
"CD79A__neg"	2.22044604925031e-16	5.53472692292185	4.63351359858766
"CLEC2D__neg"	0.130312077816415	3.07975578314733	7.01270965926258
"CLEC9A__neg"	2.22044604925031e-16	6.44400051466435	4.02862780123527
"CSF2RB__neg"	0.122624171765111	7.99458507200595	1.44568194204995
"CSK__neg"	1.18635045115286	4.11697120409707	3.56973090057294
"CXCL13__neg"	2.22044604925031e-16	7.42975018687394	3.11833407097409
"CXCR5__neg"	2.38006429660861	2.90885067202889	4.64600478349145
"CXorf65__neg"	2.22044604925031e-16	6.60697246112265	3.59953304493268
"CYB561A3__neg"	3.80073871933909	0.785134601345702	4.86472077733589
"CYFIP2__neg"	0.0258346275512124	2.45486780386174	8.05561682927423
"CYTIP__neg"	0.0884324840274204	7.30879733834431	1.88847259688297
"DAPP1__neg"	2.22044604925031e-16	10.1488926911668	2.22044604925031e-16
"DDA1__neg"	3.94561425556958	2.21894378474191	3.51404327543599
"DENND1C__neg"	2.22044604925031e-16	9.76691245327515	2.22044604925031e-16
"FAM151A__neg"	1.30076515330832	2.76046256334462	6.34606406789957
"FAM78A__neg"	0.326818441279689	7.16691383092385	1.99656314481515
"FCAMR__neg"	0.799122251892254	3.14959338889073	6.73276358854571
"FCER2__neg"	1.617178186773	7.66256322575956	0.739589107465981
"FCHO1__neg"	2.22044604925031e-16	4.19540278897413	6.59229871550222
"FCMR__neg"	2.22044604925031e-16	7.11755054910954	2.79593074950243
"FCRL1__neg"	0.514645830419387	1.79999986960567	8.15324204734203
"FCRL3__neg"	2.22044604925031e-16	4.34301724703648	5.7859325749911
"FCRL5__neg"	2.22044604925031e-16	3.71354917097324	7.31635690655031
"FCRLA__neg"	0.454491440510985	8.57094699963314	0.705213436983754
"FDCSP__neg"	2.00361751439287	5.25489308271314	2.42899735320322
"FGD3__neg"	2.22044604925031e-16	9.89440322199282	2.22044604925031e-16
"FNBP1__neg"	4.76560238336615	3.10980316532354	0.771008884633539
"FYB__neg"	5.70770865611873	2.22044604925031e-16	3.74919498448388
"GAPT__neg"	2.22044604925031e-16	6.69237577802935	3.23812843358626
"GAST__neg"	3.38834646398462	3.47408939114776	3.6320963289996
"GMIP__neg"	0.0448713036942331	8.70987092496472	1.11219473297314
"GP1BA__neg"	0.856661481654328	3.46875994761203	6.2843435251868
"GPA33__neg"	0.668249638366194	6.3560486835612	3.49027695973149
"GPR132__neg"	2.22044604925031e-16	9.22491165677034	0.994307484479859
"GPR18__neg"	2.22044604925031e-16	9.14697442048385	0.256750685536181
"GPR25__neg"	1.58729066262954	3.65994971931947	5.39004665627205
"HIGD2B__neg"	3.03714355378439	2.9869898751436	3.11590275101302
"HLA.DOB__neg"	2.22044604925031e-16	7.7743753877313	2.45852866485292
"HSH2D__neg"	2.22044604925031e-16	7.69275806856626	2.14984269850378
"IGLL1__neg"	1.83453767181417	2.75840143625194	6.0916819317197
"IKZF1__neg"	2.22044604925031e-16	10.1792366096502	0.000596835525163403
"IKZF3__neg"	2.22044604925031e-16	7.49887935466859	2.79916759064974
"IL17REL__neg"	0.987763285158343	1.84919378046019	8.01311412953746
"IL24__neg"	2.22044604925031e-16	7.00987991153515	2.85774170531848
"IL27RA__neg"	0.304840067725779	3.47498390830548	7.00627052587572
"IL6R__neg"	5.87032370270204	1.43668993808336	2.14577518982573
"INPP5D__neg"	0.482798370937379	8.97781280799078	1.46719581920162e-09
"IRF5__neg"	0.0475032877870386	8.05275590965934	1.82893117582899
"ITGAX__neg"	2.22044604925031e-16	7.62273382624358	2.7676703852196
"IZUMO1R__neg"	2.54031699897966	3.78276141657633	3.63570957070716
"JAK3__neg"	3.49495455191635e-05	6.30548455249735	4.02129686371456
"KCNA3__neg"	2.22044604925031e-16	6.77557256566183	3.28480361848435
"KLHL6__neg"	2.22044604925031e-16	7.21628873138028	3.07944761788776
"KLRG1__neg"	0.0668669893912767	7.1515538068157	2.9351874772371
"LAX1__neg"	2.22044604925031e-16	2.39567718932029	8.2372936348222
"LCN10__neg"	1.02597708157684	1.05033461408756	8.60939643398938
"LILRA4__neg"	2.22044604925031e-16	7.95194723474277	2.15200062872695
"LIMD2__neg"	0.0166006174477297	4.89733166967819	5.35379357587073
"LTA__neg"	2.22044604925031e-16	7.17511311451015	3.25620777082171
"LTB__neg"	2.22044604925031e-16	9.41207162394477	0.620576215366872
"LY9__neg"	2.22044604925031e-16	8.70670557430887	1.17256723061207
"MAP4K1__neg"	2.22044604925031e-16	5.61631050629969	4.70833211447541
"MAT1A__neg"	2.47899484092506	3.04469391354765	4.60574616418507
"MC5R__neg"	2.7974812014966	1.73376665898939	5.80582689495868
"MCOLN2__neg"	2.22044604925031e-16	4.97160492513179	5.69001817418048
"MEF2B__neg"	1.96802728707892	2.64602046936049	5.82770277957303
"MFNG__neg"	3.89734793090041	1.99971864530916	2.65300954687005
"MGAT3__neg"	2.43282660898843	0.583496363086898	7.60616876533974
"MOB3A__neg"	3.89219487264643	4.01868663102297	0.739937270057404
"MS4A1__neg"	2.22044604925031e-16	5.96119544838451	4.76315652294206
"MZB1__neg"	9.52111543592748e-08	4.90621126726315	5.65897384229313
"NBEAL2__neg"	0.138389260230618	5.54948358926252	4.11014357902056
"NCCRP1__neg"	0.000147740649503683	1.1979305164503	9.75416578645613
"NEK8__neg"	4.52659109854634	4.38797093426889	4.90415754742577e-08
"NLRC3__neg"	2.22044604925031e-16	3.11832444115447	7.03618266552474
"NLRP4__neg"	1.82655418569259	3.76595556279244	5.04170362813969
"NUGGC__neg"	2.22044604925031e-16	2.6512205592076	8.38430155585506
"OCM__neg"	1.52708443452102	3.34666009379057	5.37384794377809
"OR7D4__neg"	3.56679790163334	3.29498893196259	3.49958397005437
"P2RX5__neg"	2.22044604925031e-16	3.90196586856002	7.0346940074944
"PARP15__neg"	2.22044604925031e-16	6.81107253373587	3.52958473255246
"PASK__neg"	0.484126586776612	1.56626945502345	8.60908371215405
"PCED1B__neg"	2.22044604925031e-16	9.06664180607006	0.791222398168221
"PDCD4__neg"	2.90456880132272	3.11751212472116	2.64124944073993
"PIM2__neg"	1.534617429932e-11	3.621830719574	6.7648699900139
"PLA2G2D__neg"	2.22044604925031e-16	8.02092974977895	2.90790925846341
"PNOC__neg"	2.22044604925031e-16	2.51393704873592	8.59385894163963
"POU2AF1__neg"	2.22044604925031e-16	4.4582830458321	6.30863920773966
"POU2F2__neg"	0.149033693546863	9.22591244206605	0.831970068531131
"PRKCQ__neg"	2.22044604925031e-16	5.03686006704342	5.52144215235371
"PSD4__neg"	2.22044604925031e-16	4.50237009904748	6.13548993457547
"PTPN7__neg"	2.22044604925031e-16	8.69180376264938	1.46914698680581
"PTPRC__neg"	2.22044604925031e-16	9.08572036896736	1.29477981863138
"PYHIN1__neg"	2.22044604925031e-16	8.08846399435866	2.20655102700417
"RAB39B__neg"	0.291299145332937	2.22044604925031e-16	10.9341626739526
"RASGRP1__neg"	2.22044604925031e-16	6.31536796337496	3.97632131069534
"RLTPR__neg"	2.22044604925031e-16	5.32275870051709	5.35602522326584
"RPS4Y2__neg"	4.02329100046857	3.00458260770529	3.1259254326418
"SCIMP__neg"	4.08576073351152	2.22044604925031e-16	5.33989036185441
"SEC11C__neg"	4.84419169517378	1.49164505069114	2.09167884952952
"SEL1L3__neg"	2.22044604925031e-16	2.5612978961703	8.03164548245932
"SELL__neg"	2.22044604925031e-16	9.05556864017268	0.975740475504294
"SELPLG__neg"	0.537010129848052	8.63040087482193	2.22044604925031e-16
"SERPINA9__neg"	2.91872371459207	2.888360727609	4.6129664013704
"SIDT1__neg"	0.330664941268316	4.08187759022396	6.04081297960579
"SIGLEC10__neg"	4.82613002431876	0.699976871025034	3.25213622245494
"SIT1__neg"	2.22044604925031e-16	8.27340619569986	1.95671012276705
"SLAMF1__neg"	2.22044604925031e-16	8.79522462838093	1.67058776788041
"SLC16A4__neg"	2.58934518396697	0.429881677324064	7.41254999764416
"SLFN14__neg"	1.03741674259749	3.48789047873062	6.17689889414996
"SORL1__neg"	0.113568460454328	1.86865050300146	8.36324844692817
"SP140__neg"	2.22044604925031e-16	8.61025606909025	1.3494853629771
"SPN__neg"	2.22044604925031e-16	8.23073420549254	2.05226984344751
"SPNS2__neg"	1.24038141621465	4.3439609110022	3.95826916477201
"STK4__neg"	3.01711207157022	2.09486298865297	3.77747208039719
"STX16.NPEPL1__neg"	1.35517458610939	1.21210910192842	7.52045847118229
"SYNGR2__neg"	1.77273541324861e-15	6.70265918122138	3.05424254913099
"TBX21__neg"	2.22044604925031e-16	7.57239331186173	2.10128389659113
"TCL1B__neg"	2.20001417169309	2.16070004598094	3.87683300986329
"TMEM150C__neg"	2.76453218626821	1.98360471333916	5.58335908938073
"TNF__neg"	0.629305144735152	6.57107771587318	2.62205388043962
"TNFRSF13B__neg"	2.22044604925031e-16	4.45873360798636	6.13144175115474
"TNFSF14__neg"	2.22044604925031e-16	8.38766337576837	1.67218187736956
"TPD52__neg"	0.662745629720206	1.93743319387933	8.09921565168939
"TRAF3IP3__neg"	2.22044604925031e-16	9.76545943400295	0.52650188556816
"TRAT1__neg"	2.22044604925031e-16	7.60957363541484	2.68665043413043
"UGT2B17__neg"	1.7134181990951	3.80714880562715	5.27460988723746
"VAV1__neg"	0.649202790073669	7.54608403504137	1.43643160946885
"ZAP70__neg"	2.22044604925031e-16	7.87645956903873	1.63415244048784
"ZBTB32__neg"	4.34809930770043e-07	3.33978080829326	7.67556655244626
"ZC3H12D__neg"	2.22044604925031e-16	9.60515727307059	0.58929662319805
